# void ID, ellip, eig(1), eig(2), eig(3), eigv(1)-x, eiv(1)-y, eigv(1)-z, eigv(2)-x, eigv(2)-y, eigv(2)-z, eigv(3)-x, eigv(3)-y, eigv(3)-z
69889 0.215631 4.65e+05 1.23e+06 1.11e+06 -1.95e-01 9.67e-01 1.63e-01 8.53e-01 2.49e-01 -4.59e-01 4.84e-01 -5.00e-02 8.73e-01
23062 0.205670 3.19e+02 8.02e+02 6.53e+02 2.39e-01 -9.70e-01 -3.03e-02 -8.91e-01 -2.07e-01 -4.03e-01 -3.85e-01 -1.23e-01 9.15e-01
862 0.180010 2.80e+02 1.27e+02 1.65e+02 4.44e-01 7.98e-01 4.07e-01 7.08e-01 -5.91e-01 3.88e-01 -5.50e-01 -1.16e-01 8.27e-01
4938 0.274907 1.84e+02 6.64e+02 5.74e+02 4.80e-01 7.68e-01 -4.23e-01 8.72e-01 -4.70e-01 1.35e-01 9.58e-02 4.34e-01 8.96e-01
21818 0.100326 1.37e+05 1.51e+05 2.09e+05 9.28e-01 -3.71e-01 2.90e-02 -3.12e-01 -8.19e-01 -4.82e-01 -2.03e-01 -4.38e-01 8.76e-01
4923 0.347521 3.09e+02 1.62e+03 1.70e+03 -3.28e-01 8.49e-01 -4.14e-01 9.43e-01 3.21e-01 -8.95e-02 -5.68e-02 4.20e-01 9.06e-01
3067 0.171774 1.84e+03 2.99e+03 3.91e+03 9.13e-01 -3.84e-01 1.38e-01 -4.06e-01 -8.19e-01 4.06e-01 4.31e-02 4.26e-01 9.04e-01
25705 0.176545 5.89e+03 8.02e+03 1.28e+04 6.73e-01 7.38e-01 -4.65e-02 -1.07e-01 1.59e-01 9.81e-01 -7.32e-01 6.55e-01 -1.86e-01
55522 0.245770 2.78e+03 7.41e+03 8.60e+03 5.93e-02 -9.98e-01 -2.41e-02 -1.70e-01 -3.39e-02 9.85e-01 9.84e-01 5.43e-02 1.71e-01
6205 0.206760 1.48e+04 3.73e+04 2.90e+04 3.69e-01 -7.65e-01 -5.28e-01 -8.86e-01 -1.19e-01 -4.47e-01 -2.79e-01 -6.33e-01 7.22e-01
55305 0.215658 2.02e+04 5.34e+04 4.59e+04 -4.65e-01 7.34e-01 -4.95e-01 8.17e-01 1.41e-01 -5.59e-01 3.41e-01 6.64e-01 6.65e-01
20550 0.158901 3.77e+04 6.83e+04 7.53e+04 6.56e-01 6.46e-01 3.90e-01 6.21e-01 -7.56e-01 2.09e-01 -4.30e-01 -1.05e-01 8.97e-01
22813 0.190448 1.12e+03 2.13e+03 2.61e+03 7.18e-01 -6.30e-01 -2.96e-01 -5.18e-01 -1.99e-01 -8.32e-01 -4.65e-01 -7.51e-01 4.69e-01
2351 0.320460 9.16e+02 4.30e+03 3.98e+03 -6.82e-01 7.26e-01 -8.36e-02 7.08e-01 6.27e-01 -3.25e-01 1.83e-01 2.81e-01 9.42e-01
4946 0.343736 1.04e+03 5.27e+03 5.58e+03 9.80e-01 -1.65e-01 1.10e-01 -1.93e-01 -6.61e-01 7.26e-01 4.69e-02 7.32e-01 6.79e-01
11161 0.264525 1.07e+04 3.65e+04 3.25e+04 2.01e-01 9.03e-01 -3.79e-01 8.97e-01 -3.25e-01 -2.98e-01 3.93e-01 2.80e-01 8.76e-01
70862 0.111759 1.74e+04 2.30e+04 2.79e+04 9.28e-01 -3.70e-01 4.09e-02 -2.65e-01 -7.33e-01 -6.27e-01 -2.62e-01 -5.71e-01 7.78e-01
69165 0.100963 6.26e+04 4.09e+04 4.65e+04 7.61e-02 -9.78e-01 1.95e-01 -4.78e-01 -2.08e-01 -8.54e-01 -8.75e-01 2.83e-02 4.83e-01
21220 0.225931 1.58e+03 4.39e+03 3.78e+03 9.06e-01 4.01e-01 -1.34e-01 4.56e-02 -4.08e-01 -9.12e-01 4.21e-01 -8.20e-01 3.88e-01
10839 0.118662 3.11e+03 5.15e+03 4.29e+03 -6.24e-01 -7.21e-01 -3.00e-01 -5.04e-01 6.65e-01 -5.51e-01 -5.97e-01 1.93e-01 7.79e-01
41499 0.121131 9.00e+04 6.84e+04 5.37e+04 8.58e-01 -3.93e-01 3.31e-01 3.44e-01 -3.79e-02 -9.38e-01 -3.81e-01 -9.19e-01 -1.03e-01
4935 0.348905 1.77e+02 9.27e+02 9.85e+02 -1.92e-01 9.54e-01 -2.29e-01 9.00e-01 2.64e-01 3.47e-01 -3.92e-01 1.40e-01 9.09e-01
49350 0.108279 4.79e+05 3.03e+05 3.86e+05 4.43e-01 7.67e-01 4.64e-01 4.71e-01 2.41e-01 -8.48e-01 7.62e-01 -5.95e-01 2.55e-01
72312 0.135624 1.06e+05 1.76e+05 1.90e+05 1.56e-01 9.88e-01 -1.31e-02 5.52e-01 -9.83e-02 -8.28e-01 8.19e-01 -1.22e-01 5.60e-01
20975 0.101461 8.14e+04 1.21e+05 1.25e+05 6.74e-01 -7.39e-01 1.48e-02 -6.38e-01 -5.92e-01 -4.92e-01 -3.72e-01 -3.22e-01 8.70e-01
66041 0.086279 1.84e+05 1.29e+05 1.54e+05 9.17e-01 -3.24e-01 2.33e-01 -2.51e-01 -1.52e-02 9.68e-01 3.10e-01 9.46e-01 9.53e-02
64918 0.228282 3.10e+02 7.04e+02 8.75e+02 8.93e-01 4.11e-01 1.86e-01 4.11e-01 -9.11e-01 4.08e-02 -1.86e-01 -4.00e-02 9.82e-01
38231 0.343933 7.74e+01 3.83e+02 4.18e+02 5.69e-01 6.39e-01 5.17e-01 2.75e-01 -7.41e-01 6.13e-01 -7.74e-01 2.07e-01 5.98e-01
41816 0.157788 2.92e+04 1.47e+04 2.08e+04 3.77e-01 6.79e-01 6.30e-01 -5.55e-01 -3.79e-01 7.40e-01 -7.41e-01 6.29e-01 -2.34e-01
41628 0.140721 1.38e+04 2.53e+04 2.40e+04 7.73e-01 -6.32e-01 -5.70e-02 -5.09e-01 -6.71e-01 5.40e-01 3.79e-01 3.88e-01 8.40e-01
68534 0.239455 6.00e+02 1.79e+03 1.38e+03 7.61e-01 -4.87e-01 4.29e-01 4.78e-01 8.68e-01 1.37e-01 4.39e-01 -1.01e-01 -8.93e-01
46315 0.154561 1.71e+05 2.81e+05 3.35e+05 3.81e-01 9.16e-01 -1.24e-01 7.90e-01 -3.93e-01 -4.71e-01 4.81e-01 -8.18e-02 8.73e-01
27904 0.108542 1.30e+04 1.86e+04 2.06e+04 9.48e-01 -2.79e-01 -1.54e-01 -1.46e-01 5.04e-02 -9.88e-01 -2.84e-01 -9.59e-01 -6.90e-03
2713 0.287218 4.48e+02 1.74e+03 1.61e+03 -6.24e-01 7.71e-01 1.25e-01 7.67e-01 5.76e-01 2.82e-01 -1.45e-01 -2.72e-01 9.51e-01
49722 0.176309 3.29e+04 7.16e+04 6.49e+04 9.89e-02 9.30e-01 -3.55e-01 9.45e-01 -2.00e-01 -2.59e-01 3.12e-01 3.10e-01 8.98e-01
44908 0.194034 2.01e+05 4.76e+05 4.50e+05 1.65e-01 9.69e-01 1.84e-01 9.03e-01 -2.23e-01 3.67e-01 -3.97e-01 -1.05e-01 9.12e-01
42788 0.231981 7.02e+02 2.02e+03 1.65e+03 1.31e-01 9.87e-01 9.78e-02 9.76e-01 -1.11e-01 -1.86e-01 1.73e-01 -1.20e-01 9.78e-01
56975 0.108995 9.60e+04 6.82e+04 6.05e+04 3.14e-01 8.40e-01 4.42e-01 2.15e-01 3.91e-01 -8.95e-01 9.25e-01 -3.76e-01 5.75e-02
59744 0.251488 3.27e+04 1.04e+05 9.20e+04 -2.26e-01 9.56e-01 -1.86e-01 6.54e-01 7.96e-03 -7.57e-01 7.22e-01 2.93e-01 6.27e-01
54877 0.325043 1.24e+02 4.88e+02 6.00e+02 8.33e-01 4.34e-01 3.43e-01 3.48e-01 -8.93e-01 2.86e-01 -4.30e-01 1.19e-01 8.95e-01
588 0.287453 5.78e+03 1.85e+04 2.24e+04 -1.87e-01 -7.24e-01 6.64e-01 9.82e-01 -1.11e-01 1.55e-01 3.89e-02 -6.80e-01 -7.32e-01
73130 0.183102 8.04e+04 5.85e+04 3.58e+04 4.07e-01 8.90e-01 2.05e-01 7.26e-01 -1.79e-01 -6.64e-01 5.54e-01 -4.19e-01 7.19e-01
2700 0.252185 1.32e+03 3.74e+03 4.22e+03 8.51e-01 -4.58e-01 2.57e-01 -5.18e-01 -8.14e-01 2.63e-01 -8.88e-02 3.57e-01 9.30e-01
2687 0.190240 1.39e+04 1.56e+04 6.71e+03 9.14e-01 4.01e-01 -5.78e-02 -7.48e-02 2.68e-02 -9.97e-01 3.99e-01 -9.15e-01 -5.45e-02
26226 0.193045 5.19e+04 1.22e+05 1.11e+05 9.11e-01 -3.83e-01 1.50e-01 -4.10e-01 -8.72e-01 2.67e-01 -2.82e-02 3.05e-01 9.52e-01
37263 0.318352 9.08e+02 3.90e+03 4.21e+03 -2.25e-01 -6.96e-01 6.82e-01 2.27e-01 6.43e-01 7.31e-01 9.48e-01 -3.19e-01 -1.36e-02
51175 0.123484 2.09e+04 3.55e+04 2.92e+04 -8.02e-01 -5.67e-01 -1.86e-01 -2.97e-01 1.09e-01 9.49e-01 5.18e-01 -8.16e-01 2.56e-01
46975 0.205539 5.78e+03 4.77e+03 2.30e+03 8.30e-01 -5.46e-01 -1.16e-01 -5.54e-01 -7.82e-01 -2.85e-01 -6.52e-02 -3.01e-01 9.51e-01
45557 0.131850 2.91e+03 2.34e+03 1.66e+03 7.79e-01 -5.97e-01 1.92e-01 -5.80e-01 -8.02e-01 -1.40e-01 -2.38e-01 1.95e-03 9.71e-01
2702 0.255206 8.21e+02 2.67e+03 2.15e+03 9.91e-01 -1.33e-01 2.81e-02 -3.67e-02 -4.60e-01 -8.87e-01 -1.31e-01 -8.78e-01 4.60e-01
56011 0.141045 1.40e+05 2.57e+05 2.07e+05 -7.13e-01 -6.89e-01 1.31e-01 -1.48e-01 3.31e-01 9.32e-01 6.86e-01 -6.45e-01 3.38e-01
52702 0.371059 1.10e+03 6.86e+03 7.00e+03 -3.76e-01 7.42e-01 5.55e-01 7.97e-01 5.65e-01 -2.15e-01 4.73e-01 -3.61e-01 8.04e-01
73345 0.337564 1.55e+04 8.06e+04 7.94e+04 -6.48e-01 5.74e-01 5.01e-01 7.39e-01 6.32e-01 2.31e-01 1.84e-01 -5.20e-01 8.34e-01
37503 0.234415 1.95e+03 1.70e+03 6.69e+02 9.03e-01 4.26e-01 5.59e-02 4.06e-01 -8.88e-01 2.18e-01 -1.42e-01 1.74e-01 9.74e-01
63793 0.136696 1.68e+04 1.28e+04 9.35e+03 2.39e-01 -9.71e-01 -6.83e-03 -5.09e-01 -1.31e-01 8.51e-01 8.27e-01 2.00e-01 5.25e-01
39724 0.239084 5.02e+04 1.38e+05 1.50e+05 -2.72e-01 9.55e-01 1.16e-01 7.26e-01 2.83e-01 -6.27e-01 6.32e-01 8.61e-02 7.70e-01
69190 0.195966 3.45e+04 6.63e+04 8.24e+04 9.66e-01 -2.53e-01 4.63e-02 -2.57e-01 -9.59e-01 1.19e-01 -1.42e-02 1.27e-01 9.92e-01
72223 0.197668 2.12e+03 5.11e+03 4.35e+03 1.40e-01 -9.77e-01 -1.63e-01 -7.70e-01 -4.09e-03 -6.38e-01 -6.22e-01 -2.15e-01 7.53e-01
70010 0.169738 1.48e+03 2.39e+03 3.11e+03 1.80e-01 9.81e-01 6.68e-02 9.80e-01 -1.85e-01 7.54e-02 -8.63e-02 -5.19e-02 9.95e-01
49167 0.201379 4.58e+02 3.74e+02 1.86e+02 7.97e-01 5.99e-01 7.63e-02 5.95e-01 -8.00e-01 7.70e-02 -1.07e-01 1.59e-02 9.94e-01
71728 0.190307 1.60e+04 3.73e+04 2.96e+04 8.27e-01 5.50e-01 -1.11e-01 3.25e-01 -3.09e-01 8.94e-01 -4.58e-01 7.76e-01 4.34e-01
47397 0.128016 1.27e+05 9.08e+04 7.37e+04 8.91e-01 -3.37e-01 -3.03e-01 -1.79e-01 -8.76e-01 4.48e-01 4.16e-01 3.45e-01 8.41e-01
52815 0.329531 6.60e+02 3.27e+03 3.22e+03 -1.55e-01 -7.39e-01 6.56e-01 -5.73e-02 -6.56e-01 -7.52e-01 -9.86e-01 1.54e-01 -5.97e-02
22816 0.122172 3.14e+03 4.21e+03 5.29e+03 5.88e-01 8.02e-01 1.03e-01 6.52e-01 -3.95e-01 -6.48e-01 4.79e-01 -4.48e-01 7.55e-01
42204 0.113411 6.35e+04 1.03e+05 9.21e+04 8.91e-01 -4.36e-01 -1.29e-01 -4.53e-01 -8.31e-01 -3.23e-01 -3.40e-02 -3.47e-01 9.37e-01
75823 0.151160 1.64e+04 3.16e+04 2.66e+04 7.26e-01 6.85e-01 -5.36e-02 6.14e-01 -6.82e-01 -3.97e-01 3.09e-01 -2.56e-01 9.16e-01
68779 0.189349 1.31e+05 3.03e+05 2.51e+05 2.19e-01 -9.61e-01 -1.67e-01 -9.01e-01 -1.33e-01 -4.14e-01 -3.75e-01 -2.41e-01 8.95e-01
24210 0.132081 6.22e+03 1.10e+04 9.03e+03 -6.93e-01 -7.06e-01 1.47e-01 -5.16e-01 6.27e-01 5.83e-01 5.04e-01 -3.28e-01 7.99e-01
1123 0.172400 3.86e+04 5.64e+04 8.23e+04 8.54e-01 4.94e-01 -1.60e-01 4.67e-01 -8.66e-01 -1.82e-01 2.28e-01 -8.06e-02 9.70e-01
47892 0.185637 1.25e+04 2.73e+04 2.85e+04 5.21e-01 7.50e-01 -4.08e-01 7.96e-01 -5.99e-01 -8.42e-02 3.08e-01 2.81e-01 9.09e-01
76986 0.137836 1.13e+05 2.05e+05 1.68e+05 8.99e-01 4.32e-01 6.82e-02 2.03e-01 -2.74e-01 -9.40e-01 3.88e-01 -8.59e-01 3.34e-01
25571 0.171315 1.04e+04 1.85e+04 2.20e+04 4.59e-01 7.49e-01 4.77e-01 8.18e-01 -1.47e-01 -5.56e-01 3.46e-01 -6.45e-01 6.81e-01
26003 0.102179 1.12e+04 1.44e+04 1.72e+04 6.82e-01 -7.15e-01 1.53e-01 -5.82e-01 -6.58e-01 -4.79e-01 -4.43e-01 -2.38e-01 8.65e-01
29195 0.516066 2.54e+01 4.39e+02 4.63e+02 -3.00e-02 9.85e-01 1.67e-01 4.07e-01 -1.41e-01 9.02e-01 -9.13e-01 -9.52e-02 3.97e-01
43033 0.290870 1.45e+04 5.04e+04 5.74e+04 9.82e-01 1.88e-01 -3.49e-02 -3.04e-03 1.98e-01 9.80e-01 -1.91e-01 9.62e-01 -1.95e-01
45550 0.166587 2.59e+04 5.36e+04 4.37e+04 6.37e-01 7.33e-01 2.37e-01 2.07e-01 -4.60e-01 8.64e-01 -7.42e-01 5.01e-01 4.45e-01
28587 0.178591 6.55e+04 2.98e+04 4.79e+04 4.77e-01 7.16e-01 5.10e-01 8.78e-01 -3.60e-01 -3.16e-01 4.27e-02 -5.99e-01 8.00e-01
65694 0.154362 3.67e+05 3.07e+05 1.88e+05 9.66e-01 -2.57e-01 -3.05e-02 -2.34e-01 -8.13e-01 -5.33e-01 -1.13e-01 -5.22e-01 8.45e-01
46912 0.058942 1.43e+04 1.12e+04 1.28e+04 9.76e-01 1.83e-01 1.13e-01 7.85e-02 1.87e-01 -9.79e-01 2.01e-01 -9.65e-01 -1.68e-01
11644 0.226786 1.23e+04 3.43e+04 3.18e+04 9.24e-01 -3.72e-01 -8.73e-02 -4.67e-03 -2.39e-01 9.71e-01 3.82e-01 8.97e-01 2.23e-01
65295 0.132940 5.37e+03 3.03e+03 4.11e+03 5.82e-01 -7.63e-01 -2.80e-01 -7.56e-01 -3.82e-01 -5.31e-01 -2.98e-01 -5.21e-01 8.00e-01
75549 0.144508 3.36e+03 2.26e+03 1.80e+03 -5.54e-01 -5.96e-01 5.81e-01 4.85e-01 3.37e-01 8.07e-01 6.77e-01 -7.29e-01 -1.03e-01
73145 0.189470 1.65e+03 3.83e+03 3.32e+03 2.91e-01 8.45e-01 4.49e-01 7.70e-01 -4.85e-01 4.14e-01 -5.67e-01 -2.25e-01 7.92e-01
74065 0.082141 1.02e+05 8.52e+04 7.25e+04 4.73e-01 -8.40e-01 2.68e-01 -6.76e-01 -5.40e-01 -5.01e-01 -5.66e-01 -5.58e-02 8.23e-01
49106 0.049593 1.56e+05 1.92e+05 1.86e+05 -9.01e-02 9.93e-01 7.08e-02 9.77e-01 7.44e-02 2.00e-01 -1.94e-01 -8.72e-02 9.77e-01
65200 0.182492 7.11e+03 1.59e+04 1.42e+04 5.05e-01 -6.72e-01 5.41e-01 3.45e-01 -4.17e-01 -8.41e-01 -7.91e-01 -6.12e-01 -2.15e-02
65600 0.231284 1.22e+02 3.51e+02 2.64e+02 -4.86e-01 7.60e-01 4.31e-01 7.94e-01 1.77e-01 5.82e-01 -3.66e-01 -6.25e-01 6.90e-01
46254 0.184401 7.46e+03 5.08e+03 3.30e+03 4.03e-01 -7.45e-01 5.31e-01 9.01e-01 2.23e-01 -3.71e-01 -1.58e-01 -6.29e-01 -7.61e-01
40926 0.219101 1.63e+03 4.38e+03 3.94e+03 -2.96e-01 8.84e-01 3.61e-01 6.91e-01 4.60e-01 -5.58e-01 6.59e-01 -8.43e-02 7.47e-01
11391 0.134762 5.02e+03 2.82e+03 4.07e+03 -8.91e-01 4.54e-01 -1.05e-02 3.09e-01 5.89e-01 -7.46e-01 3.33e-01 6.68e-01 6.66e-01
36760 0.251586 1.82e+05 5.35e+05 5.79e+05 6.28e-02 -7.86e-01 6.16e-01 -2.83e-01 -6.05e-01 -7.44e-01 -9.57e-01 1.28e-01 2.61e-01
75555 0.087098 3.01e+03 4.34e+03 3.80e+03 9.69e-01 2.30e-01 -8.61e-02 1.81e-01 -4.32e-01 8.83e-01 -1.66e-01 8.72e-01 4.61e-01
56937 0.321864 3.15e+02 1.49e+03 1.20e+03 -5.58e-01 8.19e-01 -1.38e-01 7.70e-01 5.72e-01 2.84e-01 -3.11e-01 -5.23e-02 9.49e-01
49455 0.113155 8.62e+03 1.21e+04 1.39e+04 2.75e-01 9.55e-01 1.11e-01 6.78e-01 -2.75e-01 6.81e-01 -6.81e-01 1.12e-01 7.24e-01
40849 0.280373 9.25e+02 3.18e+03 3.45e+03 2.40e-01 8.10e-01 5.36e-01 8.42e-01 1.00e-01 -5.30e-01 4.82e-01 -5.78e-01 6.58e-01
21333 0.269076 1.50e+03 4.86e+03 5.24e+03 7.90e-02 8.51e-01 5.20e-01 8.78e-01 1.88e-01 -4.41e-01 4.73e-01 -4.91e-01 7.32e-01
64425 0.082289 4.66e+05 3.66e+05 3.31e+05 8.08e-01 -5.86e-01 -6.29e-02 -5.52e-02 -1.81e-01 9.82e-01 5.87e-01 7.90e-01 1.79e-01
42531 0.243383 3.72e+04 1.01e+05 1.13e+05 2.01e-01 9.11e-01 -3.60e-01 6.88e-01 1.30e-01 7.14e-01 -6.97e-01 3.91e-01 6.01e-01
42139 0.103955 2.85e+04 4.41e+04 4.10e+04 8.21e-01 -5.19e-01 2.39e-01 -4.48e-01 -8.44e-01 -2.94e-01 -3.54e-01 -1.34e-01 9.26e-01
69481 0.297216 5.74e+02 2.35e+03 2.12e+03 8.58e-01 -4.40e-01 2.65e-01 -4.29e-01 -3.30e-01 8.41e-01 2.82e-01 8.35e-01 4.72e-01
45761 0.360011 4.34e+02 2.58e+03 2.41e+03 -2.71e-01 9.29e-01 2.51e-01 3.99e-01 -1.29e-01 9.08e-01 -8.76e-01 -3.46e-01 3.36e-01
68982 0.149354 2.88e+04 5.50e+04 4.65e+04 5.08e-01 6.72e-01 5.39e-01 7.19e-01 -6.76e-01 1.65e-01 -4.75e-01 -3.04e-01 8.26e-01
11836 0.101969 3.67e+02 5.33e+02 5.64e+02 8.72e-01 4.25e-01 2.45e-01 3.51e-01 -8.89e-01 2.93e-01 -3.42e-01 1.70e-01 9.24e-01
49355 0.337869 4.61e+02 2.09e+03 2.40e+03 7.11e-01 -6.19e-01 -3.34e-01 -6.28e-01 -3.44e-01 -6.98e-01 -3.17e-01 -7.06e-01 6.33e-01
72134 0.165360 1.11e+04 2.28e+04 1.93e+04 -7.12e-02 9.87e-01 1.46e-01 3.39e-01 1.61e-01 -9.27e-01 9.38e-01 1.65e-02 3.46e-01
77593 0.163664 4.01e+04 8.20e+04 7.80e+04 9.17e-01 -3.98e-01 9.90e-03 -3.94e-01 -9.02e-01 1.78e-01 6.22e-02 1.68e-01 9.84e-01
2000 0.246639 1.78e+02 4.13e+02 5.54e+02 4.08e-01 8.67e-01 2.88e-01 7.37e-01 -1.26e-01 -6.64e-01 5.39e-01 -4.83e-01 6.90e-01
47507 0.219864 1.49e+03 2.98e+03 4.03e+03 7.00e-01 6.47e-01 -3.01e-01 -7.06e-01 6.91e-01 -1.56e-01 -1.07e-01 -3.22e-01 -9.41e-01
42782 0.129066 2.98e+04 1.71e+04 1.83e+04 3.83e-01 9.24e-01 1.56e-02 6.44e-02 -4.35e-02 9.97e-01 -9.21e-01 3.81e-01 7.61e-02
9153 0.144066 3.50e+04 2.59e+04 1.88e+04 1.90e-01 -9.80e-01 5.75e-02 -9.66e-01 -1.76e-01 1.90e-01 1.76e-01 9.16e-02 9.80e-01
69936 0.266101 7.32e+02 2.05e+03 2.52e+03 4.23e-01 8.18e-01 3.90e-01 5.54e-01 1.07e-01 -8.26e-01 7.17e-01 -5.65e-01 4.08e-01
51286 0.231244 1.13e+03 3.23e+03 2.94e+03 2.74e-01 9.61e-01 -3.23e-02 3.89e-01 -7.99e-02 9.18e-01 -8.80e-01 2.64e-01 3.96e-01
41417 0.189694 3.69e+02 2.55e+02 1.59e+02 9.40e-01 3.40e-01 -4.40e-02 2.44e-01 -7.55e-01 -6.09e-01 2.40e-01 -5.62e-01 7.92e-01
3072 0.204095 5.77e+03 1.24e+04 1.44e+04 6.71e-01 -6.95e-01 2.60e-01 -7.29e-01 -5.53e-01 4.04e-01 1.37e-01 4.61e-01 8.77e-01
55791 0.268268 1.30e+03 4.55e+03 4.35e+03 7.94e-01 -4.93e-01 -3.56e-01 -2.84e-01 -8.18e-01 5.01e-01 5.38e-01 2.97e-01 7.89e-01
64603 0.107652 3.65e+04 5.76e+04 4.73e+04 -6.98e-01 -7.08e-01 1.03e-01 -6.20e-01 5.27e-01 -5.81e-01 -3.57e-01 4.70e-01 8.07e-01
2024 0.242701 4.96e+02 1.51e+03 1.17e+03 8.49e-01 -4.24e-01 3.15e-01 5.21e-01 5.73e-01 -6.33e-01 -8.78e-02 -7.01e-01 -7.07e-01
8190 0.150689 1.49e+03 7.75e+02 8.74e+02 8.95e-01 -4.31e-01 -1.13e-01 -4.16e-01 -7.18e-01 -5.57e-01 -1.59e-01 -5.46e-01 8.23e-01
56750 0.210561 2.81e+02 5.34e+02 7.25e+02 7.08e-01 5.86e-01 -3.95e-01 -5.85e-01 7.99e-01 1.38e-01 -3.96e-01 -1.34e-01 -9.08e-01
55859 0.228150 1.42e+03 3.99e+03 3.74e+03 3.89e-01 -7.57e-01 5.24e-01 5.80e-01 6.44e-01 5.00e-01 7.16e-01 -1.10e-01 -6.90e-01
8516 0.227952 9.85e+03 2.42e+04 2.77e+04 1.44e-01 -9.38e-01 3.15e-01 -3.29e-01 2.55e-01 9.09e-01 9.33e-01 2.34e-01 2.72e-01
73436 0.097277 2.22e+05 1.70e+05 1.47e+05 5.65e-01 7.52e-01 3.40e-01 1.37e-02 4.04e-01 -9.15e-01 8.25e-01 -5.22e-01 -2.18e-01
66893 0.214843 3.21e+03 6.53e+03 8.44e+03 3.72e-01 9.27e-01 3.53e-02 8.61e-01 -3.59e-01 3.60e-01 -3.47e-01 1.04e-01 9.32e-01
21816 0.292312 1.01e+03 4.04e+03 3.49e+03 9.28e-01 3.23e-01 1.84e-01 2.22e-01 -8.79e-01 4.23e-01 -2.98e-01 3.51e-01 8.87e-01
48460 0.189623 1.16e+02 2.00e+02 2.68e+02 4.83e-01 -8.70e-01 -1.02e-01 -8.41e-01 -4.29e-01 -3.30e-01 -2.43e-01 -2.45e-01 9.38e-01
43511 0.124361 1.58e+04 9.31e+03 1.21e+04 -6.46e-01 -7.47e-01 -1.58e-01 -7.12e-01 5.15e-01 4.77e-01 2.75e-01 -4.21e-01 8.65e-01
75616 0.313229 1.01e+02 4.36e+02 4.53e+02 5.85e-01 7.08e-01 -3.96e-01 -2.27e-03 4.90e-01 8.72e-01 -8.11e-01 5.09e-01 -2.88e-01
41710 0.173425 9.18e+02 1.44e+03 1.97e+03 3.44e-01 8.88e-01 3.04e-01 7.11e-01 -4.58e-01 5.33e-01 -6.13e-01 -3.27e-02 7.89e-01
8193 0.202324 3.10e+04 1.25e+04 2.17e+04 7.76e-01 4.65e-01 -4.26e-01 -1.48e-01 -5.23e-01 -8.39e-01 6.13e-01 -7.14e-01 3.37e-01
71300 0.321582 9.16e+02 4.32e+03 3.98e+03 8.85e-01 -3.59e-01 -2.96e-01 -2.30e-01 2.16e-01 -9.49e-01 -4.05e-01 -9.08e-01 -1.09e-01
50463 0.204247 9.73e+04 2.00e+05 2.43e+05 4.00e-01 9.16e-01 2.68e-02 8.64e-01 -3.68e-01 -3.44e-01 3.05e-01 -1.61e-01 9.39e-01
68109 0.131063 3.57e+04 6.25e+04 4.53e+04 -9.95e-01 9.76e-02 -2.55e-02 4.67e-02 6.70e-01 7.41e-01 -8.94e-02 -7.36e-01 6.71e-01
42419 0.121528 2.56e+05 3.35e+05 4.29e+05 8.77e-01 4.71e-01 1.00e-01 2.92e-01 -6.86e-01 6.67e-01 -3.83e-01 5.55e-01 7.38e-01
71321 0.187781 3.72e+02 1.62e+02 2.68e+02 9.48e-01 3.16e-01 4.21e-02 3.16e-01 -9.49e-01 8.00e-03 -4.24e-02 -5.72e-03 9.99e-01
56530 0.154368 2.87e+04 5.60e+04 5.39e+04 -1.55e-01 9.13e-01 -3.76e-01 -1.49e-01 3.55e-01 9.23e-01 -9.77e-01 -1.99e-01 -8.10e-02
37966 0.080146 1.52e+05 1.09e+05 1.11e+05 -4.21e-01 8.16e-01 -3.95e-01 8.85e-01 2.77e-01 -3.73e-01 1.96e-01 5.07e-01 8.39e-01
12032 0.196221 2.67e+03 6.40e+03 5.51e+03 -4.52e-01 7.69e-01 -4.51e-01 5.58e-01 -1.50e-01 -8.16e-01 6.95e-01 6.21e-01 3.62e-01
43725 0.277879 2.90e+02 1.07e+03 1.02e+03 -3.46e-01 9.01e-01 -2.60e-01 7.53e-01 4.32e-01 4.97e-01 -5.60e-01 2.39e-02 8.28e-01
38479 0.242434 3.76e+04 1.14e+05 1.09e+05 -1.23e-01 9.87e-01 -1.03e-01 6.15e-01 -5.74e-03 -7.88e-01 7.79e-01 1.60e-01 6.07e-01
640 0.237444 1.36e+02 4.03e+02 2.69e+02 7.66e-01 3.92e-01 5.10e-01 3.61e-01 -9.18e-01 1.64e-01 -5.33e-01 -5.88e-02 8.44e-01
49777 0.188497 1.20e+05 2.76e+05 2.36e+05 -5.19e-01 8.55e-01 -4.77e-03 5.65e-01 3.47e-01 7.49e-01 -6.42e-01 -3.86e-01 6.63e-01
7396 0.273540 1.35e+04 4.66e+04 4.85e+04 2.65e-02 9.98e-01 -6.15e-02 -8.66e-05 6.15e-02 9.98e-01 -1.00e+00 2.64e-02 -1.72e-03
70899 0.143003 8.45e+04 1.32e+05 1.57e+05 9.67e-01 -2.55e-01 -5.62e-03 -2.08e-01 -7.75e-01 -5.97e-01 -1.48e-01 -5.79e-01 8.02e-01
76763 0.211898 1.53e+05 1.35e+05 5.89e+04 6.03e-01 -7.95e-01 -6.60e-02 -7.96e-01 -6.05e-01 1.07e-02 4.84e-02 -4.61e-02 9.98e-01
45633 0.221408 9.60e+03 2.61e+04 2.35e+04 -1.33e-01 -8.76e-01 -4.64e-01 -1.47e-01 4.80e-01 -8.65e-01 -9.80e-01 4.68e-02 1.93e-01
27645 0.193412 2.74e+02 6.47e+02 5.14e+02 -7.79e-01 5.56e-01 2.92e-01 5.96e-01 8.01e-01 6.48e-02 1.98e-01 -2.24e-01 9.54e-01
69921 0.167356 9.16e+03 4.40e+03 6.98e+03 9.82e-01 1.84e-01 4.48e-02 1.72e-01 -7.64e-01 -6.22e-01 8.04e-02 -6.19e-01 7.81e-01
66038 0.212889 1.67e+03 3.44e+03 4.36e+03 7.68e-01 -5.73e-01 2.86e-01 -5.76e-01 -8.13e-01 -8.39e-02 -2.81e-01 1.00e-01 9.54e-01
55297 0.111915 3.86e+03 2.40e+03 3.04e+03 5.87e-01 -7.68e-01 2.54e-01 -3.12e-01 7.48e-02 9.47e-01 7.47e-01 6.35e-01 1.96e-01
49707 0.078376 3.97e+03 2.87e+03 3.39e+03 9.90e-01 -8.32e-02 -1.17e-01 -7.91e-02 -9.96e-01 3.89e-02 1.20e-01 2.92e-02 9.92e-01
73936 0.187512 2.25e+04 1.54e+04 9.82e+03 5.50e-01 -7.38e-01 3.91e-01 1.00e-02 -4.63e-01 -8.86e-01 -8.35e-01 -4.92e-01 2.47e-01
51379 0.144714 9.94e+03 1.65e+04 1.86e+04 7.04e-01 -6.16e-01 -3.55e-01 -7.04e-01 -5.36e-01 -4.66e-01 -9.70e-02 -5.78e-01 8.11e-01
68368 0.086556 8.81e+03 1.12e+04 1.27e+04 5.95e-01 -8.04e-01 -1.29e-02 -7.76e-01 -5.78e-01 2.51e-01 2.09e-01 1.39e-01 9.68e-01
28160 0.349173 1.75e+02 9.76e+02 9.17e+02 -4.47e-01 7.83e-01 -4.33e-01 1.64e-01 -4.05e-01 -9.00e-01 8.79e-01 4.73e-01 -5.29e-02
42726 0.416728 5.94e+01 5.13e+02 4.77e+02 -2.79e-01 9.45e-01 -1.69e-01 8.36e-01 3.26e-01 4.41e-01 -4.72e-01 1.80e-02 8.81e-01
74031 0.129311 2.04e+04 2.92e+04 3.54e+04 5.75e-01 6.32e-01 5.20e-01 7.92e-01 -5.90e-01 -1.60e-01 -2.05e-01 -5.03e-01 8.39e-01
65905 0.344375 1.01e+02 5.49e+02 4.61e+02 -3.11e-01 9.13e-01 2.63e-01 9.47e-01 2.76e-01 1.63e-01 -7.61e-02 -2.99e-01 9.51e-01
68985 0.136232 7.23e+02 1.24e+03 1.30e+03 -4.38e-01 8.93e-01 -1.01e-01 4.26e-02 1.33e-01 9.90e-01 -8.98e-01 -4.29e-01 9.64e-02
59929 0.324050 2.38e+02 1.14e+03 1.02e+03 9.02e-01 3.81e-01 2.04e-01 3.59e-01 -9.23e-01 1.40e-01 -2.42e-01 5.26e-02 9.69e-01
68404 0.145633 2.86e+05 5.36e+05 4.33e+05 -4.91e-01 -8.60e-01 -1.41e-01 1.03e-01 1.04e-01 -9.89e-01 -8.65e-01 5.00e-01 -3.73e-02
52687 0.127074 4.12e+03 3.49e+03 2.39e+03 5.73e-01 7.94e-01 2.04e-01 4.42e-02 2.18e-01 -9.75e-01 8.19e-01 -5.67e-01 -8.97e-02
74128 0.155310 1.62e+03 1.37e+03 8.25e+02 9.84e-01 -1.77e-01 -1.30e-02 -1.71e-01 -9.66e-01 1.93e-01 4.67e-02 1.87e-01 9.81e-01
48798 0.142896 1.03e+05 1.68e+05 1.91e+05 2.97e-01 9.14e-01 2.77e-01 6.11e-01 -4.05e-01 6.80e-01 -7.34e-01 3.30e-02 6.78e-01
6211 0.435141 7.40e+01 6.94e+02 7.27e+02 -4.54e-01 -7.49e-01 4.82e-01 4.42e-01 -6.60e-01 -6.08e-01 -7.74e-01 6.35e-02 -6.30e-01
47088 0.193295 1.03e+04 2.06e+04 2.43e+04 5.79e-01 -8.00e-01 -1.56e-01 -8.12e-01 -5.83e-01 -2.77e-02 6.88e-02 -1.43e-01 9.87e-01
41630 0.225708 2.82e+03 5.71e+03 7.86e+03 6.33e-01 7.57e-01 1.61e-01 7.73e-01 -6.08e-01 -1.83e-01 4.09e-02 -2.40e-01 9.70e-01
42527 0.144282 1.55e+03 8.31e+02 1.14e+03 9.72e-01 2.34e-01 -1.50e-02 8.72e-02 -4.21e-01 -9.03e-01 2.17e-01 -8.77e-01 4.30e-01
3342 0.212824 9.03e+02 2.01e+03 2.35e+03 8.68e-01 -4.96e-01 3.62e-02 -8.45e-02 -7.54e-02 9.94e-01 4.90e-01 8.65e-01 1.07e-01
60841 0.160394 4.23e+04 8.51e+04 7.68e+04 4.51e-01 8.51e-01 2.68e-01 1.97e-01 1.98e-01 -9.60e-01 8.70e-01 -4.86e-01 7.87e-02
49780 0.187599 2.27e+04 3.97e+04 5.21e+04 5.21e-01 -6.98e-01 4.91e-01 5.07e-01 7.16e-01 4.80e-01 6.87e-01 9.14e-04 -7.27e-01
72019 0.184024 1.19e+05 2.56e+05 2.68e+05 -2.89e-01 7.24e-01 6.26e-01 7.84e-01 5.55e-01 -2.79e-01 5.49e-01 -4.10e-01 7.28e-01
26026 0.300737 3.49e+01 1.46e+02 1.11e+02 9.06e-01 4.13e-01 9.24e-02 3.33e-01 -8.30e-01 4.47e-01 -2.62e-01 3.75e-01 8.90e-01
8705 0.227215 4.68e+03 1.31e+04 1.23e+04 2.19e-01 8.25e-01 5.20e-01 3.44e-01 4.34e-01 -8.33e-01 9.13e-01 -3.61e-01 1.89e-01
48664 0.118642 5.66e+04 3.41e+04 4.24e+04 -3.93e-01 6.90e-01 6.08e-01 7.66e-01 -1.21e-01 6.32e-01 -5.10e-01 -7.14e-01 4.81e-01
70897 0.206802 9.25e+03 2.06e+04 2.34e+04 1.71e-01 -7.67e-01 6.18e-01 7.96e-01 4.78e-01 3.73e-01 5.81e-01 -4.28e-01 -6.92e-01
71648 0.193518 9.93e+02 1.86e+03 2.35e+03 6.51e-01 -5.90e-01 -4.77e-01 -7.03e-01 -2.32e-01 -6.72e-01 -2.86e-01 -7.73e-01 5.66e-01
36887 0.303683 4.91e+01 2.09e+02 1.76e+02 7.15e-01 6.80e-01 -1.61e-01 -1.90e-02 -2.11e-01 -9.77e-01 6.99e-01 -7.02e-01 1.38e-01
60830 0.102006 1.07e+04 1.65e+04 1.49e+04 7.04e-01 7.10e-01 2.55e-03 5.65e-01 -5.62e-01 6.04e-01 -4.31e-01 4.24e-01 7.97e-01
68121 0.208260 2.07e+04 5.03e+04 5.28e+04 9.61e-01 2.66e-01 -8.00e-02 1.09e-01 -9.76e-02 9.89e-01 -2.56e-01 9.59e-01 1.23e-01
43678 0.136437 4.38e+04 7.87e+04 7.11e+04 -7.27e-01 6.74e-01 -1.28e-01 1.11e-02 1.98e-01 9.80e-01 -6.86e-01 -7.11e-01 1.51e-01
37658 0.149143 2.08e+03 3.98e+03 3.16e+03 -4.42e-01 -6.56e-01 6.11e-01 -7.66e-01 6.31e-01 1.23e-01 4.66e-01 4.14e-01 7.82e-01
51781 0.202439 1.40e+04 1.46e+04 5.93e+03 9.68e-01 -2.49e-01 2.02e-02 -2.18e-01 -8.03e-01 5.55e-01 1.22e-01 5.42e-01 8.32e-01
27367 0.253287 3.60e+04 1.16e+05 1.03e+05 -2.73e-01 9.61e-01 -4.27e-02 9.61e-01 2.71e-01 -4.82e-02 3.48e-02 5.42e-02 9.98e-01
68782 0.133485 2.15e+03 3.81e+03 3.38e+03 -4.86e-01 8.74e-01 -1.06e-02 5.71e-01 3.09e-01 -7.60e-01 6.61e-01 3.76e-01 6.49e-01
68426 0.248318 2.08e+02 5.24e+02 6.53e+02 7.36e-01 -6.44e-01 -2.09e-01 -1.84e-01 -4.87e-01 8.54e-01 6.52e-01 5.90e-01 4.77e-01
47598 0.216254 9.08e+03 2.03e+04 2.41e+04 -1.52e-01 -8.12e-01 5.63e-01 2.65e-01 5.16e-01 8.15e-01 9.52e-01 -2.73e-01 -1.37e-01
48731 0.096906 6.73e+03 9.17e+03 1.01e+04 2.57e-01 9.43e-01 -2.14e-01 9.64e-01 -2.66e-01 -1.60e-02 7.19e-02 2.02e-01 9.77e-01
48780 0.238153 8.69e+04 2.58e+05 2.24e+05 -3.29e-01 9.03e-01 2.77e-01 8.60e-01 4.08e-01 -3.07e-01 3.90e-01 -1.37e-01 9.11e-01
71383 0.130647 2.84e+03 1.62e+03 2.22e+03 3.97e-01 8.09e-01 -4.33e-01 8.89e-01 -2.21e-01 4.01e-01 -2.29e-01 5.44e-01 8.07e-01
49054 0.165797 1.30e+04 8.37e+03 6.32e+03 2.06e-01 -7.50e-01 6.28e-01 9.35e-01 3.40e-01 9.89e-02 2.88e-01 -5.67e-01 -7.72e-01
28694 0.161383 8.41e+03 7.74e+03 4.16e+03 9.56e-01 -2.91e-01 1.89e-02 -1.75e-01 -6.23e-01 -7.62e-01 -2.34e-01 -7.26e-01 6.47e-01
46534 0.222682 1.59e+04 4.35e+04 3.78e+04 7.45e-01 5.33e-01 4.01e-01 2.32e-01 3.57e-01 -9.05e-01 6.26e-01 -7.67e-01 -1.43e-01
67740 0.173640 1.46e+04 3.12e+04 2.48e+04 -7.17e-01 6.52e-01 -2.46e-01 6.03e-01 4.03e-01 -6.88e-01 3.49e-01 6.42e-01 6.82e-01
56596 0.220773 1.28e+03 3.47e+03 3.19e+03 9.03e-01 -4.29e-01 -2.78e-02 -4.08e-01 -8.35e-01 -3.69e-01 -1.35e-01 -3.45e-01 9.29e-01
67753 0.232888 1.20e+03 2.67e+03 3.47e+03 1.13e-01 -9.90e-01 -8.58e-02 -7.67e-01 -1.42e-01 6.25e-01 6.31e-01 5.14e-03 7.76e-01
48459 0.284095 1.49e+02 5.57e+02 5.69e+02 9.40e-01 -3.39e-01 -1.76e-02 -1.25e-01 -2.98e-01 -9.46e-01 -3.16e-01 -8.92e-01 3.23e-01
25902 0.128045 5.43e+04 3.14e+04 4.01e+04 -6.90e-01 -7.22e-01 -4.62e-02 -5.74e-01 5.85e-01 -5.72e-01 -4.41e-01 3.68e-01 8.19e-01
73127 0.233285 4.64e+03 1.34e+04 1.30e+04 8.79e-01 4.61e-01 -1.20e-01 7.63e-02 -3.85e-01 -9.20e-01 4.70e-01 -8.00e-01 3.74e-01
27543 0.125702 2.14e+02 3.37e+02 3.66e+02 9.46e-01 2.24e-01 2.36e-01 8.36e-02 5.35e-01 -8.41e-01 3.15e-01 -8.15e-01 -4.87e-01
13064 0.215864 8.34e+03 2.21e+04 1.70e+04 1.88e-01 -9.49e-01 -2.53e-01 -6.79e-01 -3.12e-01 6.65e-01 7.10e-01 -4.65e-02 7.03e-01
6596 0.368032 7.57e+01 4.24e+02 4.75e+02 9.17e-01 -3.49e-01 -1.92e-01 -1.64e-01 1.07e-01 -9.81e-01 -3.63e-01 -9.31e-01 -4.11e-02
54565 0.247904 4.46e+02 1.40e+03 1.27e+03 7.42e-01 5.81e-01 3.35e-01 6.70e-01 -6.67e-01 -3.26e-01 -3.36e-02 -4.66e-01 8.84e-01
73674 0.238114 1.94e+05 5.75e+05 5.23e+05 -1.10e-01 7.63e-01 6.37e-01 9.60e-01 -8.45e-02 2.68e-01 -2.58e-01 -6.41e-01 7.23e-01
69253 0.187475 8.96e+03 2.06e+04 1.48e+04 8.16e-01 5.34e-01 2.21e-01 5.41e-01 -8.40e-01 3.10e-02 -2.02e-01 -9.42e-02 9.75e-01
72337 0.103015 4.01e+04 2.60e+04 2.68e+04 9.23e-01 3.78e-01 7.56e-02 2.22e-01 -3.62e-01 -9.05e-01 3.15e-01 -8.52e-01 4.18e-01
25964 0.286950 5.04e+02 1.56e+03 1.95e+03 6.91e-01 -6.07e-01 3.92e-01 6.03e-01 1.85e-01 -7.76e-01 -3.99e-01 -7.73e-01 -4.94e-01
53451 0.227569 6.24e+03 1.65e+04 1.75e+04 9.45e-01 2.16e-01 2.47e-01 3.35e-02 -8.13e-01 5.81e-01 -3.26e-01 5.41e-01 7.75e-01
39798 0.153325 2.59e+03 5.04e+03 4.36e+03 -3.69e-01 8.22e-01 4.34e-01 8.26e-01 7.62e-02 5.58e-01 -4.26e-01 -5.64e-01 7.07e-01
55330 0.187600 2.75e+04 1.92e+04 1.20e+04 9.80e-01 1.95e-01 3.29e-02 1.98e-01 -9.72e-01 -1.31e-01 -6.45e-03 -1.35e-01 9.91e-01
47503 0.199376 3.90e+03 9.48e+03 7.78e+03 -5.52e-01 -8.32e-01 -5.44e-02 -3.95e-01 2.03e-01 8.96e-01 7.35e-01 -5.16e-01 4.41e-01
65289 0.142511 3.60e+03 6.67e+03 5.09e+03 -9.33e-01 -3.46e-01 9.96e-02 -3.59e-01 8.81e-01 -3.07e-01 -1.82e-02 3.22e-01 9.47e-01
51174 0.132010 4.03e+02 7.09e+02 5.47e+02 9.10e-01 -3.58e-01 2.08e-01 -2.75e-01 -8.98e-01 -3.43e-01 -3.10e-01 -2.55e-01 9.16e-01
68098 0.242619 1.15e+02 2.73e+02 3.51e+02 3.90e-01 8.13e-01 -4.32e-01 4.81e-02 -4.87e-01 -8.72e-01 9.20e-01 -3.19e-01 2.29e-01
42481 0.234691 1.10e+04 3.20e+04 2.72e+04 9.59e-01 -2.79e-01 -5.04e-02 -2.41e-01 -8.96e-01 3.72e-01 1.49e-01 3.44e-01 9.27e-01
72204 0.148066 4.24e+03 8.05e+03 6.39e+03 6.61e-01 -7.49e-01 4.38e-02 -6.53e-01 -5.46e-01 5.25e-01 3.69e-01 3.75e-01 8.50e-01
55651 0.140501 1.10e+04 7.25e+03 5.99e+03 4.79e-01 6.82e-01 5.52e-01 5.68e-01 -7.20e-01 3.98e-01 -6.70e-01 -1.23e-01 7.32e-01
71399 0.265505 4.22e+03 1.45e+04 1.20e+04 -2.32e-01 -8.24e-01 -5.17e-01 -9.71e-01 2.27e-01 7.31e-02 -5.71e-02 -5.19e-01 8.53e-01
48679 0.103215 9.40e+04 1.45e+05 1.37e+05 -1.79e-01 -9.21e-01 -3.46e-01 -9.25e-01 2.77e-01 -2.60e-01 -3.36e-01 -2.74e-01 9.01e-01
55147 0.185392 2.83e+02 6.42e+02 5.34e+02 -2.32e-01 -8.07e-01 -5.44e-01 4.36e-01 4.13e-01 -7.99e-01 -8.69e-01 4.23e-01 -2.56e-01
65176 0.300311 1.42e+03 5.94e+03 5.06e+03 8.50e-01 5.22e-01 7.54e-02 4.09e-01 -7.43e-01 5.30e-01 -3.32e-01 4.19e-01 8.45e-01
73169 0.152492 3.68e+03 7.14e+03 6.64e+03 -4.73e-01 6.28e-01 6.18e-01 8.45e-01 5.22e-01 1.18e-01 2.49e-01 -5.78e-01 7.77e-01
47556 0.135747 1.65e+04 2.62e+04 2.95e+04 6.11e-01 7.80e-01 -1.33e-01 7.05e-01 -4.60e-01 5.39e-01 -3.59e-01 4.23e-01 8.32e-01
7784 0.193619 1.31e+04 2.48e+04 3.10e+04 5.10e-01 -8.16e-01 -2.71e-01 -8.54e-01 -4.44e-01 -2.72e-01 -1.01e-01 -3.70e-01 9.23e-01
49656 0.216313 2.57e+02 4.85e+02 6.82e+02 5.70e-01 -7.70e-01 2.87e-01 -4.35e-01 -5.79e-01 -6.89e-01 -6.96e-01 -2.68e-01 6.66e-01
40602 0.271989 2.08e+03 7.41e+03 6.55e+03 4.84e-01 -6.53e-01 5.83e-01 5.20e-01 7.50e-01 4.09e-01 7.04e-01 -1.05e-01 -7.03e-01
66145 0.165283 9.11e+02 6.49e+02 4.42e+02 9.55e-01 2.73e-01 1.14e-01 2.47e-01 -5.25e-01 -8.14e-01 1.62e-01 -8.06e-01 5.69e-01
39662 0.098931 1.29e+04 1.57e+04 1.95e+04 5.18e-01 -8.47e-01 1.17e-01 -8.43e-01 -4.83e-01 2.38e-01 1.45e-01 2.22e-01 9.64e-01
12885 0.438518 4.12e+01 4.15e+02 3.76e+02 3.90e-01 8.96e-01 2.12e-01 2.33e-01 -3.19e-01 9.19e-01 -8.91e-01 3.09e-01 3.33e-01
12126 0.186514 2.06e+03 4.69e+03 3.53e+03 8.97e-01 4.42e-01 2.59e-02 2.05e-01 -4.67e-01 8.60e-01 -3.92e-01 7.66e-01 5.10e-01
52696 0.177688 4.36e+03 2.00e+03 3.23e+03 8.65e-01 -4.58e-01 2.06e-01 -3.45e-01 -8.40e-01 -4.20e-01 -3.65e-01 -2.92e-01 8.84e-01
56851 0.180427 1.34e+03 2.46e+03 2.98e+03 3.33e-01 9.06e-01 2.61e-01 9.43e-01 -3.26e-01 -7.26e-02 -1.93e-02 -2.70e-01 9.63e-01
55271 0.152769 3.04e+03 5.90e+03 4.72e+03 -5.05e-01 -7.31e-01 4.59e-01 -8.59e-01 3.77e-01 -3.46e-01 -8.02e-02 5.69e-01 8.18e-01
49993 0.265017 2.49e+02 8.52e+02 6.48e+02 -5.12e-01 8.34e-01 -2.07e-01 8.53e-01 4.66e-01 -2.36e-01 1.00e-01 2.97e-01 9.50e-01
52795 0.155796 6.48e+04 4.87e+04 3.29e+04 3.13e-01 8.94e-01 -3.19e-01 -1.29e-01 -2.93e-01 -9.47e-01 9.41e-01 -3.38e-01 -2.32e-02
73588 0.179641 5.99e+03 1.32e+04 1.20e+04 9.15e-01 -3.32e-01 -2.32e-01 -1.75e-01 -8.41e-01 5.12e-01 3.64e-01 4.28e-01 8.27e-01
44422 0.069725 9.07e+04 1.06e+05 1.21e+05 5.16e-01 7.45e-01 -4.22e-01 -8.24e-01 5.66e-01 -8.56e-03 -2.32e-01 -3.52e-01 -9.07e-01
51092 0.204751 2.22e+03 4.28e+03 5.56e+03 6.46e-01 -7.63e-01 7.97e-03 -3.29e-01 -2.88e-01 -9.00e-01 -6.89e-01 -5.79e-01 4.37e-01
50120 0.251582 3.74e+03 1.19e+04 1.03e+04 7.06e-01 6.25e-01 -3.33e-01 1.68e-01 -6.05e-01 -7.78e-01 6.88e-01 -4.94e-01 5.32e-01
44973 0.252716 3.28e+04 1.04e+05 1.05e+05 7.65e-01 -5.11e-01 -3.93e-01 -6.00e-01 -3.41e-01 -7.24e-01 -2.35e-01 -7.89e-01 5.67e-01
69152 0.275728 6.11e+02 2.22e+03 1.82e+03 -2.13e-01 9.36e-01 2.79e-01 -2.99e-01 2.09e-01 -9.31e-01 9.30e-01 2.82e-01 -2.36e-01
71820 0.263112 1.13e+03 2.88e+03 3.85e+03 3.70e-01 -9.28e-01 -3.45e-02 -3.77e-02 2.21e-02 -9.99e-01 -9.28e-01 -3.71e-01 2.69e-02
8706 0.245215 2.22e+04 5.85e+04 6.83e+04 2.58e-01 9.23e-01 -2.85e-01 7.31e-01 6.28e-03 6.82e-01 -6.32e-01 3.84e-01 6.73e-01
48718 0.187820 4.43e+03 1.02e+04 9.38e+03 9.87e-01 -1.39e-01 -7.66e-02 -1.23e-01 -9.74e-01 1.92e-01 1.01e-01 1.80e-01 9.78e-01
29379 0.154129 8.60e+02 1.68e+03 1.43e+03 -5.20e-01 -8.14e-01 2.59e-01 -8.53e-01 5.12e-01 -1.02e-01 4.98e-02 2.74e-01 9.60e-01
48669 0.176841 2.58e+03 5.63e+03 4.31e+03 -6.63e-01 -5.84e-01 4.69e-01 -2.54e-01 -4.14e-01 -8.74e-01 -7.05e-01 6.98e-01 -1.26e-01
48193 0.235678 1.54e+03 4.50e+03 3.72e+03 9.07e-01 4.17e-01 -6.24e-02 9.62e-02 -6.06e-02 9.94e-01 -4.10e-01 9.07e-01 9.50e-02
75149 0.170943 3.15e+03 6.67e+03 6.05e+03 7.76e-01 -5.38e-01 -3.28e-01 -1.29e-01 3.73e-01 -9.19e-01 -6.17e-01 -7.56e-01 -2.20e-01
67721 0.135192 3.58e+04 2.58e+04 2.00e+04 8.53e-01 -4.53e-01 -2.59e-01 -5.03e-01 -5.82e-01 -6.39e-01 -1.39e-01 -6.75e-01 7.24e-01
46625 0.158652 4.67e+02 9.33e+02 8.02e+02 7.57e-02 9.79e-01 -1.91e-01 6.51e-01 9.64e-02 7.53e-01 -7.55e-01 1.81e-01 6.30e-01
36970 0.431137 7.60e+02 6.72e+03 7.25e+03 3.45e-01 9.37e-01 4.38e-02 7.92e-01 -2.66e-01 -5.49e-01 5.03e-01 -2.24e-01 8.35e-01
67760 0.267452 1.47e+02 3.74e+02 5.10e+02 7.55e-01 -6.50e-01 -8.32e-02 -1.76e-01 -3.23e-01 9.30e-01 6.32e-01 6.88e-01 3.58e-01
1389 0.472716 2.00e+01 2.47e+02 2.58e+02 7.18e-01 6.65e-01 -2.07e-01 5.58e-01 -3.71e-01 7.42e-01 -4.17e-01 6.48e-01 6.37e-01
47488 0.168412 4.81e+04 1.01e+05 7.78e+04 2.92e-01 -7.78e-01 5.56e-01 -6.78e-01 -5.78e-01 -4.54e-01 -6.74e-01 2.45e-01 6.97e-01
43548 0.197378 3.41e+03 8.21e+03 6.45e+03 8.88e-01 4.39e-01 -1.36e-01 7.34e-02 1.57e-01 9.85e-01 -4.53e-01 8.85e-01 -1.07e-01
46582 0.091502 8.01e+04 5.45e+04 6.34e+04 1.78e-01 9.74e-01 -1.43e-01 -8.26e-02 -1.30e-01 -9.88e-01 9.81e-01 -1.88e-01 -5.74e-02
74652 0.128292 3.98e+04 3.08e+04 2.30e+04 4.73e-01 -8.80e-01 -3.69e-02 -1.43e-01 -3.51e-02 -9.89e-01 -8.69e-01 -4.73e-01 1.42e-01
69478 0.189012 5.00e+04 3.67e+04 2.16e+04 7.15e-01 -5.88e-01 3.78e-01 3.63e-01 7.74e-01 5.19e-01 5.98e-01 2.34e-01 -7.67e-01
64162 0.212282 1.11e+03 2.32e+03 2.87e+03 9.07e-01 3.25e-01 2.68e-01 4.21e-01 -6.87e-01 -5.92e-01 8.18e-03 -6.50e-01 7.60e-01
47655 0.080845 2.59e+04 2.20e+04 1.85e+04 3.60e-01 9.18e-01 -1.67e-01 1.15e-01 1.34e-01 9.84e-01 -9.26e-01 3.74e-01 5.69e-02
69197 0.087493 3.20e+04 2.74e+04 2.22e+04 4.25e-01 -9.04e-01 -4.96e-02 8.70e-02 9.53e-02 -9.92e-01 -9.01e-01 -4.17e-01 -1.19e-01
45501 0.253541 1.99e+03 6.03e+03 6.40e+03 9.14e-01 -4.00e-01 6.44e-02 -4.04e-01 -8.95e-01 1.90e-01 1.83e-02 2.00e-01 9.80e-01
51294 0.135896 4.11e+03 7.33e+03 7.37e+03 9.99e-01 2.68e-02 2.88e-02 3.18e-03 -7.84e-01 6.21e-01 -3.92e-02 6.20e-01 7.84e-01
53181 0.314194 1.31e+03 5.94e+03 5.42e+03 8.22e-01 4.21e-01 3.83e-01 2.56e-01 3.27e-01 -9.10e-01 5.08e-01 -8.46e-01 -1.60e-01
52550 0.217207 2.62e+03 5.38e+03 6.98e+03 9.63e-01 -2.52e-01 -9.38e-02 -1.73e-01 -8.49e-01 4.98e-01 2.05e-01 4.64e-01 8.62e-01
46835 0.200634 4.36e+03 9.10e+03 1.07e+04 8.44e-01 3.68e-01 -3.90e-01 -4.00e-01 9.17e-01 -5.56e-05 -3.57e-01 -1.56e-01 -9.21e-01
47937 0.285406 2.68e+02 8.05e+02 1.03e+03 9.88e-01 1.48e-01 -4.22e-02 1.23e-01 -9.23e-01 -3.64e-01 9.29e-02 -3.55e-01 9.30e-01
70219 0.256580 2.20e+03 6.15e+03 7.21e+03 -3.98e-01 -7.20e-01 5.69e-01 7.99e-01 -5.76e-01 -1.71e-01 -4.51e-01 -3.87e-01 -8.04e-01
52393 0.275924 1.40e+02 5.11e+02 4.19e+02 7.51e-01 6.50e-01 1.18e-01 5.11e-02 -2.34e-01 9.71e-01 -6.59e-01 7.23e-01 2.09e-01
27934 0.178249 1.53e+03 3.35e+03 2.70e+03 2.89e-01 -9.34e-01 2.08e-01 -4.34e-01 -3.22e-01 -8.41e-01 -8.53e-01 -1.53e-01 4.99e-01
64455 0.284782 6.81e+02 2.09e+03 2.60e+03 4.03e-01 -8.59e-01 -3.16e-01 -3.57e-01 1.71e-01 -9.18e-01 -8.42e-01 -4.83e-01 2.38e-01
64312 0.162216 3.41e+03 1.68e+03 2.05e+03 -6.93e-01 7.19e-01 -5.89e-02 1.50e-01 2.23e-01 9.63e-01 -7.05e-01 -6.58e-01 2.62e-01
72657 0.148833 5.81e+03 3.05e+03 3.30e+03 7.60e-01 6.36e-01 -1.31e-01 4.54e-01 -3.76e-01 8.08e-01 -4.64e-01 6.74e-01 5.75e-01
40928 0.341818 1.34e+02 6.77e+02 7.16e+02 9.77e-01 -1.88e-01 1.01e-01 -1.52e-01 -9.46e-01 -2.87e-01 -1.50e-01 -2.65e-01 9.52e-01
48408 0.246331 1.52e+03 3.76e+03 4.71e+03 7.18e-01 -5.14e-01 4.69e-01 5.38e-01 -1.83e-02 -8.43e-01 -4.42e-01 -8.58e-01 -2.63e-01
72277 0.126812 1.54e+04 8.94e+03 1.16e+04 4.76e-01 -8.14e-01 -3.33e-01 -7.92e-01 -2.32e-01 -5.65e-01 -3.83e-01 -5.32e-01 7.55e-01
41822 0.200555 5.76e+02 1.34e+03 1.41e+03 -2.71e-01 9.62e-01 -3.59e-03 2.83e-01 7.64e-02 -9.56e-01 9.20e-01 2.60e-01 2.93e-01
52567 0.232459 6.93e+03 2.00e+04 1.85e+04 5.35e-01 8.13e-01 -2.29e-01 7.66e-01 -5.81e-01 -2.76e-01 3.58e-01 2.77e-02 9.33e-01
3061 0.141622 4.13e+03 7.60e+03 6.50e+03 4.60e-01 7.26e-01 -5.11e-01 8.86e-01 -4.07e-01 2.20e-01 4.83e-02 5.55e-01 8.31e-01
67748 0.265407 5.06e+02 1.60e+03 1.74e+03 -6.39e-02 9.80e-01 -1.89e-01 5.63e-01 1.92e-01 8.04e-01 -8.24e-01 5.52e-02 5.64e-01
10789 0.198109 5.07e+03 8.96e+03 1.23e+04 6.28e-01 7.68e-01 1.25e-01 6.23e-01 -3.99e-01 -6.72e-01 4.67e-01 -5.00e-01 7.30e-01
68945 0.297282 1.82e+03 6.11e+03 7.47e+03 9.25e-02 -9.69e-01 -2.27e-01 -9.79e-01 -1.30e-01 1.56e-01 1.80e-01 -2.08e-01 9.61e-01
58404 0.984711 -2.05e-06 3.75e+01 3.75e+01 9.01e-01 4.18e-01 -1.21e-01 4.02e-01 -9.06e-01 -1.35e-01 1.66e-01 -7.29e-02 9.83e-01
42188 0.211445 1.62e+03 3.30e+03 4.20e+03 -2.69e-01 -8.00e-01 5.35e-01 7.96e-01 1.28e-01 5.92e-01 5.42e-01 -5.86e-01 -6.03e-01
42117 0.190278 1.57e+04 1.24e+04 6.75e+03 3.38e-01 -9.40e-01 -4.94e-02 7.90e-02 8.06e-02 -9.94e-01 -9.38e-01 -3.32e-01 -1.01e-01
36690 0.260025 8.84e+03 2.50e+04 2.95e+04 8.63e-01 -4.22e-01 2.76e-01 1.50e-01 7.38e-01 6.58e-01 4.81e-01 5.26e-01 -7.01e-01
56601 0.241435 4.43e+02 2.98e+02 1.47e+02 6.25e-01 -7.71e-01 -1.23e-01 -5.86e-02 1.11e-01 -9.92e-01 -7.79e-01 -6.27e-01 -2.41e-02
44645 0.300358 7.41e+02 2.80e+03 3.09e+03 -4.11e-01 9.09e-01 -6.79e-02 2.43e-01 1.81e-01 9.53e-01 -8.79e-01 -3.76e-01 2.95e-01
25435 0.174125 5.50e+02 9.94e+02 1.18e+03 8.39e-01 3.77e-01 -3.93e-01 -4.47e-01 8.89e-01 -1.01e-01 -3.11e-01 -2.60e-01 -9.14e-01
47368 0.256401 8.45e+03 2.54e+04 2.76e+04 2.91e-01 7.37e-01 6.10e-01 5.94e-01 -6.39e-01 4.89e-01 -7.50e-01 -2.20e-01 6.23e-01
40008 0.176104 4.06e+03 8.81e+03 7.42e+03 9.34e-01 -2.87e-01 -2.15e-01 -1.02e-01 -7.87e-01 6.08e-01 3.43e-01 5.46e-01 7.64e-01
65452 0.137202 6.14e+04 3.40e+04 4.97e+04 9.67e-01 2.05e-01 1.51e-01 1.11e-01 1.94e-01 -9.75e-01 2.29e-01 -9.59e-01 -1.65e-01
860 0.183030 1.61e+03 3.61e+03 2.75e+03 -4.85e-01 -8.68e-01 1.07e-01 -2.49e-01 1.98e-02 -9.68e-01 -8.38e-01 4.96e-01 2.26e-01
49604 0.106036 1.18e+03 1.85e+03 1.74e+03 -3.72e-01 9.24e-01 8.93e-02 7.57e-01 2.46e-01 6.06e-01 -5.38e-01 -2.93e-01 7.91e-01
58542 0.408723 7.29e+00 5.97e+01 5.24e+01 -4.27e-01 9.01e-01 7.95e-02 7.35e-01 2.95e-01 6.11e-01 -5.26e-01 -3.19e-01 7.88e-01
50668 0.307073 1.05e+03 4.05e+03 4.57e+03 -3.64e-01 9.18e-01 -1.56e-01 5.77e-01 3.54e-01 7.36e-01 -7.31e-01 -1.78e-01 6.59e-01
73258 0.167818 6.90e+03 1.44e+04 1.32e+04 3.43e-01 9.06e-01 -2.48e-01 8.20e-01 -1.60e-01 5.49e-01 -4.58e-01 3.91e-01 7.98e-01
21610 0.334481 5.08e+02 2.41e+03 2.59e+03 -4.39e-01 -7.22e-01 5.34e-01 8.83e-01 -2.37e-01 4.05e-01 1.66e-01 -6.50e-01 -7.42e-01
67871 0.130453 3.11e+03 1.78e+03 2.10e+03 1.45e-01 9.72e-01 1.84e-01 9.68e-01 -1.00e-01 -2.31e-01 2.07e-01 -2.12e-01 9.55e-01
49246 0.183143 1.32e+03 2.97e+03 2.57e+03 -5.70e-01 8.22e-01 -9.47e-03 3.14e-02 3.33e-02 9.99e-01 -8.21e-01 -5.69e-01 4.48e-02
65792 0.184922 5.46e+04 1.05e+05 1.24e+05 8.84e-01 4.63e-01 -6.23e-02 3.86e-01 -6.48e-01 6.57e-01 -2.64e-01 6.05e-01 7.51e-01
55519 0.294551 5.14e+03 2.07e+04 1.84e+04 -2.76e-01 9.40e-01 1.98e-01 7.27e-01 3.39e-01 -5.97e-01 6.28e-01 2.05e-02 7.78e-01
25772 0.337780 1.18e+04 6.15e+04 5.90e+04 2.96e-01 9.51e-01 9.42e-02 2.40e-01 2.14e-02 -9.70e-01 9.25e-01 -3.10e-01 2.22e-01
48616 0.311550 1.23e+02 4.64e+02 5.47e+02 5.14e-01 -8.56e-01 -5.49e-02 -6.01e-01 -4.06e-01 6.88e-01 6.11e-01 3.21e-01 7.23e-01
50267 0.271721 4.58e+03 1.50e+04 1.63e+04 4.59e-02 9.40e-01 3.38e-01 8.16e-01 1.60e-01 -5.56e-01 5.77e-01 -3.01e-01 7.59e-01
28184 0.198757 2.31e+03 5.61e+03 4.85e+03 -4.70e-01 7.60e-01 -4.50e-01 6.11e-01 -8.74e-02 -7.87e-01 6.37e-01 6.45e-01 4.23e-01
75697 0.088734 8.17e+03 1.00e+04 1.19e+04 -5.98e-01 6.19e-01 5.09e-01 4.40e-01 7.84e-01 -4.38e-01 6.70e-01 3.81e-02 7.41e-01
27402 0.249390 8.10e+01 1.88e+02 2.55e+02 3.62e-01 8.91e-01 -2.76e-01 2.48e-01 1.93e-01 9.49e-01 -8.99e-01 4.12e-01 1.51e-01
42185 0.081008 1.72e+04 2.42e+04 2.22e+04 9.87e-01 1.05e-01 -1.23e-01 1.61e-01 -5.83e-01 7.96e-01 -1.23e-02 8.06e-01 5.92e-01
8693 0.213577 1.25e+03 3.27e+03 3.05e+03 6.50e-01 7.46e-01 1.42e-01 4.15e-01 -1.92e-01 -8.89e-01 6.36e-01 -6.37e-01 4.35e-01
67948 0.197625 8.00e+02 1.76e+03 1.93e+03 -6.75e-01 -5.36e-01 5.07e-01 4.74e-01 -8.41e-01 -2.60e-01 -5.66e-01 -6.44e-02 -8.22e-01
56600 0.132081 2.58e+03 3.47e+03 4.56e+03 5.17e-01 -8.54e-01 6.44e-02 -8.65e-02 2.28e-02 9.96e-01 8.52e-01 5.20e-01 6.20e-02
71961 0.145275 6.18e+02 4.32e+02 3.30e+02 -3.08e-01 -8.22e-01 4.78e-01 -1.38e-01 5.36e-01 8.33e-01 9.41e-01 -1.90e-01 2.79e-01
69648 0.253453 1.94e+02 6.26e+02 6.01e+02 -1.14e-01 9.86e-01 1.19e-01 7.90e-01 1.62e-01 -5.91e-01 6.02e-01 -2.65e-02 7.98e-01
53446 0.140860 4.29e+04 6.09e+04 7.87e+04 6.16e-01 7.37e-01 -2.79e-01 -7.46e-01 6.60e-01 9.50e-02 -2.54e-01 -1.49e-01 -9.56e-01
