# void ID, ellip, eig(1), eig(2), eig(3), eigv(1)-x, eiv(1)-y, eigv(1)-z, eigv(2)-x, eigv(2)-y, eigv(2)-z, eigv(3)-x, eigv(3)-y, eigv(3)-z
2386 0.079083 2.74e+05 3.30e+05 3.81e+05 9.74e-01 2.03e-01 -1.02e-01 -2.05e-01 9.79e-01 -9.74e-03 -9.80e-02 -3.04e-02 -9.95e-01
634 0.071903 1.06e+06 7.89e+05 8.84e+05 -6.53e-01 7.56e-01 -4.22e-02 2.03e-01 2.28e-01 9.52e-01 -7.30e-01 -6.13e-01 3.02e-01
1661 0.120647 5.39e+05 7.64e+05 9.01e+05 8.49e-01 -3.57e-01 -3.91e-01 -5.27e-01 -4.99e-01 -6.88e-01 -5.06e-02 -7.90e-01 6.11e-01
2696 0.114878 1.58e+06 2.57e+06 2.25e+06 -6.40e-01 7.44e-01 -1.91e-01 2.59e-01 -2.52e-02 -9.65e-01 7.23e-01 6.67e-01 1.77e-01
525 0.139365 8.37e+05 1.53e+06 1.37e+06 -2.24e-01 9.74e-01 -5.39e-03 9.64e-01 2.23e-01 1.43e-01 -1.41e-01 -2.69e-02 9.90e-01
2279 0.134358 5.70e+05 9.22e+05 1.01e+06 4.43e-01 7.96e-01 4.12e-01 7.77e-01 -5.70e-01 2.67e-01 -4.48e-01 -2.02e-01 8.71e-01
1857 0.122775 8.41e+05 1.24e+06 1.42e+06 4.12e-01 -8.87e-01 2.07e-01 -7.44e-01 -1.96e-01 6.39e-01 5.26e-01 4.18e-01 7.41e-01
1833 0.064532 3.20e+05 3.63e+05 4.18e+05 7.12e-01 6.98e-01 -7.68e-02 5.43e-01 -6.16e-01 -5.71e-01 4.46e-01 -3.64e-01 8.18e-01
262 0.058759 3.25e+05 3.77e+05 4.14e+05 4.74e-01 -6.69e-01 5.72e-01 5.04e-01 -3.27e-01 -8.00e-01 -7.22e-01 -6.68e-01 -1.82e-01
1292 0.089705 4.21e+05 6.13e+05 5.35e+05 8.62e-01 3.61e-01 -3.55e-01 1.28e-01 -8.33e-01 -5.38e-01 4.90e-01 -4.19e-01 7.65e-01
2284 0.070118 4.46e+05 5.96e+05 5.69e+05 6.26e-01 5.74e-01 5.28e-01 5.04e-01 2.18e-01 -8.36e-01 5.94e-01 -7.89e-01 1.53e-01
2084 0.121699 8.76e+05 6.49e+05 5.21e+05 5.09e-01 -7.23e-01 4.67e-01 4.12e-01 6.81e-01 6.06e-01 7.56e-01 1.16e-01 -6.44e-01
1940 0.052824 4.12e+05 5.11e+05 5.00e+05 4.71e-01 8.69e-01 1.52e-01 8.68e-01 -4.26e-01 -2.54e-01 1.56e-01 -2.52e-01 9.55e-01
2849 0.138298 1.26e+05 2.29e+05 1.96e+05 -4.85e-01 7.23e-01 -4.93e-01 4.75e-01 6.91e-01 5.45e-01 -7.35e-01 -3.01e-02 6.78e-01
1192 0.041036 7.18e+05 8.49e+05 7.92e+05 7.59e-01 -6.50e-01 -3.63e-02 -5.58e-01 -6.20e-01 -5.52e-01 -3.36e-01 -4.39e-01 8.33e-01
1757 0.129710 1.93e+06 1.38e+06 1.11e+06 5.31e-01 8.46e-01 4.81e-02 8.44e-01 -5.22e-01 -1.23e-01 7.87e-02 -1.06e-01 9.91e-01
3005 0.114320 4.40e+05 3.71e+05 2.71e+05 4.38e-01 -8.97e-01 6.89e-02 -5.45e-01 -3.25e-01 -7.73e-01 -7.15e-01 -3.01e-01 6.31e-01
1355 0.150410 1.83e+06 3.10e+06 3.51e+06 9.60e-01 -2.74e-01 5.91e-02 -2.76e-01 -9.61e-01 2.00e-02 -5.13e-02 3.55e-02 9.98e-01
2784 0.097934 3.71e+05 2.77e+05 2.45e+05 4.99e-01 -8.62e-01 -8.70e-02 -2.24e-01 -3.15e-02 -9.74e-01 -8.37e-01 -5.05e-01 2.09e-01
2830 0.127486 1.61e+05 2.64e+05 2.78e+05 4.31e-01 8.08e-01 -4.02e-01 8.29e-01 -5.30e-01 -1.79e-01 3.57e-01 2.56e-01 8.98e-01
2507 0.094480 3.55e+05 4.77e+05 5.28e+05 4.27e-01 8.75e-01 2.29e-01 6.12e-01 -9.34e-02 -7.86e-01 6.66e-01 -4.76e-01 5.75e-01
1370 0.106161 5.46e+05 8.55e+05 7.05e+05 5.20e-01 6.43e-01 5.62e-01 3.63e-01 -7.62e-01 5.36e-01 -7.73e-01 7.42e-02 6.30e-01
243 0.116751 4.64e+05 7.63e+05 7.29e+05 9.46e-01 2.92e-01 1.40e-01 2.30e-01 -9.10e-01 3.44e-01 -2.28e-01 2.94e-01 9.28e-01
298 0.101416 1.71e+05 2.47e+05 2.63e+05 7.86e-01 -5.76e-01 -2.25e-01 -5.32e-01 -4.44e-01 -7.21e-01 -3.16e-01 -6.86e-01 6.55e-01
949 0.151837 7.39e+05 5.52e+05 3.83e+05 9.99e-01 -4.71e-02 -1.93e-03 -4.44e-02 -9.54e-01 2.98e-01 1.59e-02 2.98e-01 9.55e-01
1747 0.168023 6.83e+05 1.43e+06 1.29e+06 9.60e-01 -2.50e-01 1.23e-01 -1.45e-01 -7.29e-02 9.87e-01 2.37e-01 9.66e-01 1.06e-01
2074 0.121748 2.68e+05 2.03e+05 1.60e+05 9.59e-01 2.38e-01 -1.52e-01 -1.39e-01 -6.98e-02 -9.88e-01 2.46e-01 -9.69e-01 3.39e-02
1138 0.170469 4.97e+05 1.05e+06 9.42e+05 8.45e-01 4.47e-01 -2.95e-01 -5.22e-01 8.08e-01 -2.73e-01 -1.17e-01 -3.84e-01 -9.16e-01
609 0.087263 4.66e+05 3.24e+05 3.80e+05 2.71e-01 9.21e-01 -2.79e-01 1.32e-01 -3.22e-01 -9.37e-01 9.54e-01 -2.17e-01 2.08e-01
513 0.073147 1.04e+05 1.41e+05 1.22e+05 9.67e-01 -1.45e-01 -2.09e-01 -4.02e-02 -8.98e-01 4.39e-01 2.51e-01 4.16e-01 8.74e-01
2244 0.133267 1.85e+05 3.27e+05 2.63e+05 6.97e-01 6.10e-01 3.77e-01 6.33e-01 -2.75e-01 -7.24e-01 3.38e-01 -7.43e-01 5.78e-01
1198 0.058921 4.34e+05 3.87e+05 3.41e+05 1.78e-01 -9.80e-01 -9.04e-02 -4.49e-01 8.11e-04 -8.94e-01 -8.76e-01 -2.00e-01 4.40e-01
1112 0.089825 3.62e+05 5.11e+05 5.27e+05 3.79e-01 7.87e-01 4.87e-01 8.40e-01 -5.14e-01 1.76e-01 -3.88e-01 -3.43e-01 8.55e-01
2248 0.216478 8.18e+05 2.17e+06 1.97e+06 9.58e-01 2.72e-01 9.48e-02 2.16e-01 -4.59e-01 -8.62e-01 1.91e-01 -8.46e-01 4.98e-01
2814 0.092039 9.26e+05 1.19e+06 1.36e+06 2.51e-01 9.65e-01 -7.14e-02 6.78e-01 -1.22e-01 7.25e-01 -6.91e-01 2.30e-01 6.85e-01
20 0.110688 6.36e+04 1.02e+05 8.96e+04 7.62e-01 6.45e-01 6.33e-02 3.23e-01 -4.63e-01 8.25e-01 -5.61e-01 6.08e-01 5.61e-01
1862 0.095116 1.09e+06 9.23e+05 7.30e+05 4.34e-01 -8.61e-01 2.65e-01 7.89e-01 2.21e-01 -5.73e-01 -4.35e-01 -4.58e-01 -7.75e-01
1887 0.106842 4.17e+04 6.56e+04 5.71e+04 6.64e-01 -5.79e-01 4.73e-01 -1.48e-01 5.19e-01 8.42e-01 7.33e-01 6.30e-01 -2.59e-01
937 0.098954 2.94e+05 3.72e+05 4.47e+05 5.85e-01 -7.16e-01 3.80e-01 -2.32e-01 -5.97e-01 -7.68e-01 -7.77e-01 -3.61e-01 5.16e-01
2474 0.073704 1.95e+05 2.26e+05 2.65e+05 5.73e-01 8.15e-01 -8.89e-02 3.25e-01 -3.25e-01 -8.88e-01 7.52e-01 -4.80e-01 4.51e-01
727 0.092812 5.10e+05 7.53e+05 6.50e+05 3.01e-01 -9.17e-01 2.63e-01 -5.57e-01 -3.93e-01 -7.31e-01 -7.74e-01 -7.33e-02 6.29e-01
1966 0.154338 5.45e+05 1.06e+06 8.17e+05 -6.54e-01 -5.87e-01 4.77e-01 1.16e-01 -7.01e-01 -7.04e-01 -7.48e-01 4.05e-01 -5.26e-01
1019 0.075135 2.78e+05 3.80e+05 3.45e+05 -5.11e-01 8.41e-01 -1.76e-01 1.21e-01 -1.33e-01 -9.84e-01 8.51e-01 5.24e-01 3.44e-02
2626 0.078106 1.08e+06 1.44e+06 1.50e+06 2.48e-01 8.78e-01 4.09e-01 -8.31e-02 4.40e-01 -8.94e-01 9.65e-01 -1.88e-01 -1.82e-01
2007 0.100347 3.13e+05 4.77e+05 4.64e+05 5.08e-01 8.53e-01 -1.21e-01 3.26e-01 -3.21e-01 -8.89e-01 7.97e-01 -4.12e-01 4.41e-01
895 0.168858 3.09e+05 6.47e+05 5.71e+05 4.42e-01 8.29e-01 3.42e-01 5.84e-01 2.33e-02 -8.12e-01 6.81e-01 -5.58e-01 4.74e-01
1557 0.151503 8.13e+05 1.57e+06 1.35e+06 9.20e-01 -3.17e-01 2.33e-01 -3.67e-01 -9.04e-01 2.20e-01 -1.41e-01 2.88e-01 9.47e-01
6 0.116421 3.69e+05 6.05e+05 5.08e+05 4.21e-01 -9.06e-01 -4.20e-02 -9.04e-01 -4.23e-01 6.16e-02 7.36e-02 -1.20e-02 9.97e-01
679 0.086700 7.66e+05 1.10e+06 9.90e+05 6.88e-01 7.22e-01 -6.84e-02 1.75e-01 -2.57e-01 -9.50e-01 7.04e-01 -6.42e-01 3.03e-01
2402 0.111672 5.89e+05 4.28e+05 3.67e+05 7.20e-01 -6.69e-01 -1.85e-01 -4.98e-01 -6.83e-01 5.34e-01 4.84e-01 2.92e-01 8.25e-01
2047 0.077599 2.62e+05 2.15e+05 1.90e+05 5.73e-01 7.90e-01 2.17e-01 5.56e-01 -5.70e-01 6.05e-01 -6.02e-01 2.26e-01 7.66e-01
1746 0.133581 1.91e+06 2.78e+06 3.38e+06 7.54e-01 -6.22e-01 -2.09e-01 -2.38e-01 -5.57e-01 7.96e-01 6.12e-01 5.50e-01 5.68e-01
2824 0.139208 1.71e+05 2.77e+05 3.11e+05 5.60e-01 8.21e-01 -1.12e-01 7.37e-01 -4.32e-01 5.20e-01 -3.78e-01 3.74e-01 8.47e-01
1375 0.062197 1.33e+06 1.05e+06 1.03e+06 5.74e-01 -6.23e-01 5.32e-01 -2.19e-02 -6.61e-01 -7.50e-01 -8.18e-01 -4.19e-01 3.93e-01
541 0.150995 2.62e+05 4.63e+05 5.05e+05 7.53e-01 -6.37e-01 -1.67e-01 -3.53e-01 -1.77e-01 -9.19e-01 -5.55e-01 -7.50e-01 3.58e-01
3014 0.157330 9.57e+04 1.90e+05 1.68e+05 -2.17e-01 9.34e-01 2.84e-01 7.95e-01 3.38e-01 -5.04e-01 5.66e-01 -1.16e-01 8.16e-01
646 0.081815 3.91e+05 5.49e+05 4.88e+05 -5.18e-01 7.78e-01 -3.55e-01 6.80e-01 6.26e-01 3.81e-01 -5.19e-01 4.46e-02 8.54e-01
1298 0.065648 1.12e+06 9.10e+05 8.53e+05 8.44e-01 -4.98e-01 -1.97e-01 -1.22e-01 1.78e-01 -9.76e-01 -5.22e-01 -8.48e-01 -8.94e-02
1306 0.057475 2.03e+05 2.31e+05 2.57e+05 9.66e-01 -2.56e-01 -2.89e-02 -2.50e-01 -9.59e-01 1.32e-01 6.15e-02 1.20e-01 9.91e-01
2797 0.094568 1.51e+05 2.07e+05 2.25e+05 1.65e-01 -9.71e-01 -1.71e-01 -9.38e-01 -2.08e-01 2.76e-01 3.04e-01 -1.15e-01 9.46e-01
1521 0.126789 3.25e+05 5.58e+05 4.92e+05 -4.19e-01 -8.96e-01 -1.50e-01 -4.82e-01 3.60e-01 -7.99e-01 -7.70e-01 2.62e-01 5.82e-01
590 0.078923 1.82e+05 1.49e+05 1.31e+05 -4.68e-01 7.13e-01 5.22e-01 3.65e-01 -3.82e-01 8.49e-01 -8.04e-01 -5.88e-01 8.16e-02
2076 0.141410 4.09e+04 7.53e+04 5.93e+04 -7.77e-01 -6.30e-01 2.01e-02 -3.85e-01 4.50e-01 -8.06e-01 -4.98e-01 6.34e-01 5.92e-01
132 0.107683 1.35e+06 1.15e+06 8.56e+05 2.95e-01 -9.52e-01 8.37e-02 -6.46e-01 -2.63e-01 -7.17e-01 -7.04e-01 -1.58e-01 6.92e-01
2927 0.106058 3.53e+05 5.20e+05 5.53e+05 8.14e-01 5.39e-01 2.16e-01 1.08e-01 -5.06e-01 8.56e-01 -5.71e-01 6.73e-01 4.70e-01
2154 0.154197 1.55e+05 2.84e+05 3.04e+05 7.94e-01 -5.55e-01 -2.46e-01 -5.87e-01 -5.97e-01 -5.47e-01 -1.57e-01 -5.79e-01 8.00e-01
925 0.091757 1.28e+06 1.87e+06 1.78e+06 -1.49e-01 -7.22e-01 6.76e-01 1.41e-02 -6.85e-01 -7.28e-01 -9.89e-01 9.87e-02 -1.12e-01
631 0.110892 2.26e+05 3.40e+05 3.62e+05 7.23e-01 6.87e-01 -7.19e-02 1.86e-01 -2.94e-01 -9.37e-01 6.65e-01 -6.64e-01 3.41e-01
952 0.091223 1.72e+05 2.52e+05 2.18e+05 -7.05e-01 6.61e-01 2.56e-01 2.28e-01 -1.31e-01 9.65e-01 -6.72e-01 -7.39e-01 5.91e-02
215 0.060900 1.54e+06 1.20e+06 1.33e+06 5.29e-01 -8.47e-01 4.68e-02 -7.25e-01 -4.23e-01 5.43e-01 4.40e-01 3.21e-01 8.39e-01
968 0.088096 4.92e+05 5.59e+05 7.11e+05 8.79e-01 -4.59e-01 1.31e-01 -2.38e-01 -6.59e-01 -7.14e-01 -4.14e-01 -5.96e-01 6.88e-01
2494 0.235928 2.14e+05 6.27e+05 5.90e+05 7.45e-01 6.13e-01 -2.62e-01 6.65e-01 -7.12e-01 2.25e-01 4.86e-02 3.41e-01 9.39e-01
489 0.082061 9.61e+04 7.53e+04 6.82e+04 -6.07e-01 6.15e-01 5.03e-01 5.92e-01 7.73e-01 -2.30e-01 5.30e-01 -1.58e-01 8.33e-01
2006 0.113813 8.61e+05 5.31e+05 6.41e+05 1.26e-01 9.69e-01 -2.13e-01 -4.76e-01 -1.29e-01 -8.70e-01 8.70e-01 -2.11e-01 -4.45e-01
708 0.142647 7.50e+04 1.27e+05 1.39e+05 7.66e-01 4.65e-01 -4.44e-01 -5.93e-01 2.43e-01 -7.68e-01 2.49e-01 -8.51e-01 -4.62e-01
1788 0.094750 6.91e+03 7.70e+03 1.03e+04 7.36e-01 -6.73e-01 6.91e-02 1.51e-01 2.63e-01 9.53e-01 6.60e-01 6.91e-01 -2.95e-01
2987 0.093011 1.68e+06 1.14e+06 1.34e+06 -2.50e-01 -7.11e-01 6.57e-01 -2.60e-01 -6.04e-01 -7.53e-01 -9.32e-01 3.60e-01 3.37e-02
537 0.069652 9.49e+05 7.16e+05 7.11e+05 -1.47e-01 9.55e-01 2.57e-01 9.82e-01 1.10e-01 1.53e-01 -1.18e-01 -2.75e-01 9.54e-01
591 0.129339 1.35e+05 2.09e+05 2.35e+05 4.94e-01 7.94e-01 3.54e-01 7.67e-01 -2.07e-01 -6.08e-01 4.10e-01 -5.71e-01 7.11e-01
1954 0.038375 9.07e+05 1.06e+06 9.67e+05 -9.72e-01 -2.20e-01 -8.07e-02 -1.07e-01 7.23e-01 -6.82e-01 -2.09e-01 6.55e-01 7.26e-01
2189 0.070526 9.46e+04 7.06e+04 8.12e+04 -6.52e-01 5.33e-01 5.39e-01 6.93e-01 7.07e-01 1.40e-01 3.07e-01 -4.65e-01 8.31e-01
2535 0.077883 2.55e+05 3.32e+05 3.52e+05 -3.12e-01 7.24e-01 6.15e-01 7.71e-01 -1.85e-01 6.09e-01 -5.55e-01 -6.65e-01 5.01e-01
2127 0.095416 8.28e+05 6.60e+05 5.54e+05 2.55e-01 9.45e-01 -2.03e-01 6.52e-01 -1.34e-02 7.58e-01 -7.14e-01 3.25e-01 6.20e-01
1652 0.091011 1.58e+05 1.77e+05 1.21e+05 9.62e-01 2.67e-01 4.97e-02 -1.05e-03 -1.80e-01 9.84e-01 -2.71e-01 9.47e-01 1.73e-01
517 0.115588 2.29e+05 1.40e+05 1.96e+05 -9.82e-01 1.79e-01 -6.28e-02 -9.54e-03 2.84e-01 9.59e-01 -1.89e-01 -9.42e-01 2.78e-01
1511 0.131698 3.72e+05 5.95e+05 6.54e+05 7.96e-01 5.56e-01 -2.40e-01 1.15e-01 -5.27e-01 -8.42e-01 5.94e-01 -6.43e-01 4.84e-01
978 0.114813 3.29e+05 5.36e+05 4.55e+05 7.83e-01 -4.61e-01 -4.18e-01 -3.92e-01 -8.87e-01 2.44e-01 4.84e-01 2.73e-02 8.75e-01
2622 0.116926 4.04e+05 3.20e+05 2.46e+05 4.67e-01 8.68e-01 1.69e-01 8.84e-01 -4.63e-01 -6.71e-02 -1.98e-02 -1.80e-01 9.83e-01
2285 0.076523 7.97e+05 1.10e+06 1.06e+06 -1.75e-01 8.48e-01 -5.00e-01 9.21e-01 -3.76e-02 -3.87e-01 3.47e-01 5.28e-01 7.75e-01
1675 0.083047 4.05e+04 3.03e+04 2.86e+04 -4.99e-01 8.17e-01 2.89e-01 8.65e-01 4.50e-01 2.23e-01 -5.22e-02 -3.61e-01 9.31e-01
2529 0.100853 4.45e+05 5.84e+05 6.81e+05 8.87e-01 4.50e-01 1.03e-01 4.05e-01 -8.66e-01 2.92e-01 -2.21e-01 2.18e-01 9.51e-01
2433 0.094580 3.61e+05 2.43e+05 2.66e+05 -2.00e-01 -9.80e-01 2.73e-03 -8.44e-01 1.71e-01 -5.08e-01 -4.97e-01 1.04e-01 8.61e-01
1331 0.106916 1.91e+06 3.00e+06 2.54e+06 8.89e-01 3.27e-01 -3.20e-01 4.48e-01 -7.63e-01 4.65e-01 9.18e-02 5.57e-01 8.25e-01
2440 0.159333 3.51e+05 6.11e+05 7.02e+05 8.64e-01 4.44e-01 2.40e-01 1.94e-01 -7.32e-01 6.54e-01 -4.65e-01 5.18e-01 7.18e-01
1761 0.089745 2.20e+05 3.14e+05 3.20e+05 6.96e-02 8.50e-01 5.22e-01 9.98e-02 5.14e-01 -8.52e-01 9.93e-01 -1.11e-01 4.91e-02
884 0.100162 1.19e+05 1.67e+05 1.81e+05 -2.87e-01 -6.94e-01 -6.60e-01 4.67e-01 5.00e-01 -7.29e-01 -8.36e-01 5.18e-01 -1.80e-01
499 0.107385 1.52e+06 1.24e+06 9.66e+05 8.67e-01 4.48e-01 -2.21e-01 -2.48e-01 2.75e-03 -9.69e-01 4.33e-01 -8.94e-01 -1.14e-01
1519 0.176919 1.18e+05 2.58e+05 2.45e+05 -1.28e-01 9.83e-01 1.33e-01 2.43e-02 1.37e-01 -9.90e-01 9.91e-01 1.24e-01 4.15e-02
2324 0.085003 1.68e+05 2.39e+05 2.15e+05 9.01e-01 -3.13e-01 2.99e-01 -2.61e-01 -9.44e-01 -2.01e-01 -3.45e-01 -1.03e-01 9.33e-01
2034 0.153745 9.65e+05 1.71e+06 1.88e+06 7.73e-01 -4.95e-01 -3.97e-01 -5.45e-01 -1.98e-01 -8.14e-01 -3.24e-01 -8.46e-01 4.23e-01
883 0.061968 7.74e+05 8.96e+05 1.00e+06 6.48e-01 6.41e-01 4.12e-01 7.60e-01 -5.05e-01 -4.09e-01 5.39e-02 -5.78e-01 8.14e-01
951 0.102404 5.03e+05 4.00e+05 3.27e+05 1.76e-01 9.52e-01 -2.49e-01 -9.56e-01 1.05e-01 -2.73e-01 2.34e-01 -2.86e-01 -9.29e-01
325 0.105042 1.87e+05 1.20e+05 1.43e+05 8.44e-01 -4.23e-01 3.29e-01 5.19e-01 4.91e-01 -7.00e-01 -1.35e-01 -7.62e-01 -6.34e-01
36 0.138532 3.99e+05 5.42e+05 7.24e+05 9.93e-01 -1.14e-01 1.36e-02 -6.60e-02 -6.63e-01 -7.45e-01 -9.41e-02 -7.40e-01 6.67e-01
960 0.085997 6.70e+05 4.68e+05 5.38e+05 8.91e-01 -3.63e-01 -2.73e-01 5.47e-02 -5.11e-01 8.58e-01 4.50e-01 7.80e-01 4.35e-01
664 0.112413 1.41e+06 1.08e+06 8.74e+05 6.64e-01 -7.41e-01 9.51e-02 -7.14e-01 -5.91e-01 3.75e-01 2.22e-01 3.17e-01 9.22e-01
1885 0.115610 4.64e+05 7.59e+05 6.50e+05 -3.32e-01 -8.51e-01 4.07e-01 -1.58e-01 4.76e-01 8.65e-01 9.30e-01 -2.23e-01 2.93e-01
375 0.026466 8.39e+04 7.88e+04 7.53e+04 8.87e-01 -3.73e-01 2.72e-01 3.06e-01 3.34e-02 -9.52e-01 -3.45e-01 -9.27e-01 -1.44e-01
1236 0.106779 6.66e+05 1.05e+06 9.06e+05 1.63e-01 -9.04e-01 3.95e-01 -8.60e-01 -3.26e-01 -3.92e-01 -4.83e-01 2.76e-01 8.31e-01
185 0.146008 1.87e+05 3.00e+05 3.52e+05 5.98e-01 7.38e-01 -3.12e-01 7.13e-01 -3.12e-01 6.27e-01 -3.66e-01 5.98e-01 7.14e-01
2108 0.124783 5.34e+05 7.69e+05 9.10e+05 5.86e-01 7.54e-01 -2.96e-01 6.76e-01 -2.53e-01 6.93e-01 -4.47e-01 6.06e-01 6.58e-01
1846 0.181653 2.05e+06 2.20e+06 9.86e+05 9.04e-01 4.27e-01 3.40e-02 2.61e-01 -4.87e-01 -8.33e-01 3.39e-01 -7.62e-01 5.52e-01
2323 0.135683 3.84e+05 6.89e+05 6.55e+05 -6.30e-01 7.22e-01 -2.84e-01 6.75e-02 4.15e-01 9.07e-01 -7.73e-01 -5.53e-01 3.11e-01
1073 0.077343 4.70e+05 6.49e+05 5.75e+05 9.29e-01 -3.45e-01 -1.35e-01 -3.53e-01 -9.35e-01 -4.23e-02 1.12e-01 -8.70e-02 9.90e-01
2070 0.067295 1.24e+05 1.37e+05 1.64e+05 9.06e-01 -4.21e-01 4.71e-02 -3.09e-01 -7.33e-01 -6.05e-01 -2.89e-01 -5.34e-01 7.95e-01
2913 0.105401 7.09e+05 4.54e+05 5.57e+05 2.74e-01 -9.28e-01 -2.52e-01 -8.48e-01 -1.09e-01 -5.19e-01 -4.54e-01 -3.56e-01 8.17e-01
2194 0.117024 3.23e+05 5.31e+05 4.58e+05 -6.45e-01 5.89e-01 4.87e-01 7.64e-01 4.76e-01 4.36e-01 -2.45e-02 -6.53e-01 7.57e-01
2627 0.088440 3.90e+05 5.65e+05 5.10e+05 9.61e-01 -2.73e-01 4.06e-02 -4.10e-02 4.16e-03 9.99e-01 2.73e-01 9.62e-01 7.19e-03
1593 0.103871 5.78e+05 3.73e+05 4.22e+05 -7.41e-01 5.86e-01 -3.26e-01 6.15e-01 3.98e-01 -6.81e-01 2.69e-01 7.05e-01 6.56e-01
1263 0.053125 2.71e+05 3.37e+05 3.25e+05 -2.27e-01 8.51e-01 4.74e-01 9.68e-01 2.49e-01 1.58e-02 1.05e-01 -4.63e-01 8.80e-01
2595 0.104964 4.50e+05 2.89e+05 3.39e+05 -4.58e-01 -6.58e-01 5.97e-01 8.73e-01 -2.08e-01 4.40e-01 1.65e-01 -7.23e-01 -6.70e-01
784 0.145797 1.02e+06 1.92e+06 1.79e+06 8.51e-01 -4.99e-01 -1.66e-01 -1.79e-01 2.20e-02 -9.84e-01 -4.94e-01 -8.66e-01 7.04e-02
1480 0.084139 1.97e+05 2.20e+05 2.79e+05 9.34e-01 -3.56e-01 -3.22e-02 -1.32e-01 -4.28e-01 8.94e-01 3.32e-01 8.31e-01 4.47e-01
2197 0.119669 3.66e+05 2.88e+05 2.20e+05 5.69e-01 -8.20e-01 -5.15e-02 -6.97e-01 -4.48e-01 -5.60e-01 -4.36e-01 -3.55e-01 8.27e-01
2948 0.149929 3.39e+05 6.49e+05 5.52e+05 -6.00e-01 -5.91e-01 5.40e-01 4.56e-01 3.02e-01 8.37e-01 6.58e-01 -7.48e-01 -8.84e-02
518 0.176955 1.09e+05 2.37e+05 2.12e+05 9.17e-01 3.31e-01 2.24e-01 2.34e-01 -8.99e-01 3.70e-01 -3.23e-01 2.87e-01 9.02e-01
1345 0.046186 1.05e+06 8.65e+05 8.88e+05 -7.37e-01 5.93e-01 3.25e-01 -4.69e-04 4.81e-01 -8.77e-01 6.76e-01 6.46e-01 3.54e-01
1419 0.077093 1.47e+05 1.23e+05 1.07e+05 9.03e-01 -4.28e-01 -3.82e-02 -5.68e-02 -2.07e-01 9.77e-01 4.26e-01 8.80e-01 2.11e-01
1391 0.085652 2.09e+05 1.66e+05 1.46e+05 7.22e-01 6.80e-01 1.26e-01 5.67e-01 -6.86e-01 4.56e-01 -3.97e-01 2.58e-01 8.81e-01
2964 0.171013 4.90e+05 1.04e+06 9.08e+05 -2.32e-01 9.33e-01 -2.73e-01 8.96e-01 9.67e-02 -4.33e-01 3.77e-01 3.45e-01 8.59e-01
309 0.143926 9.68e+04 1.43e+05 1.80e+05 6.60e-01 -6.98e-01 -2.80e-01 -7.38e-01 -5.32e-01 -4.14e-01 -1.40e-01 -4.80e-01 8.66e-01
1360 0.087786 6.43e+05 4.45e+05 5.15e+05 9.14e-01 3.25e-01 -2.45e-01 2.14e-01 1.28e-01 9.68e-01 -3.46e-01 9.37e-01 -4.76e-02
1194 0.039390 2.31e+05 2.43e+05 2.71e+05 8.55e-01 5.15e-01 6.68e-02 5.18e-01 -8.54e-01 -4.59e-02 -3.34e-02 -7.38e-02 9.97e-01
1742 0.116038 1.46e+06 1.10e+06 8.92e+05 6.96e-01 7.18e-01 4.13e-04 7.17e-01 -6.94e-01 6.41e-02 -4.63e-02 4.43e-02 9.98e-01
880 0.162940 1.19e+06 1.11e+06 5.82e+05 6.93e-01 7.18e-01 6.12e-02 -1.37e-01 2.15e-01 -9.67e-01 7.07e-01 -6.62e-01 -2.48e-01
1650 0.161555 4.58e+05 8.95e+05 9.28e+05 6.17e-01 7.08e-01 -3.44e-01 3.37e-01 -6.33e-01 -6.97e-01 7.11e-01 -3.14e-01 6.29e-01
2300 0.096501 2.83e+05 4.25e+05 3.89e+05 -3.41e-01 -8.55e-01 3.90e-01 -8.32e-01 4.68e-01 2.99e-01 4.38e-01 2.22e-01 8.71e-01
709 0.187164 6.31e+05 1.33e+06 1.44e+06 1.79e-01 9.84e-01 -1.63e-02 5.34e-01 -8.32e-02 8.41e-01 -8.26e-01 1.59e-01 5.41e-01
2701 0.147905 3.10e+04 4.96e+04 5.88e+04 9.98e-01 6.99e-02 -9.94e-03 4.55e-02 -5.29e-01 8.48e-01 -5.40e-02 8.46e-01 5.31e-01
304 0.122322 5.23e+03 3.10e+03 3.65e+03 6.78e-01 6.41e-01 3.61e-01 6.34e-01 -7.58e-01 1.54e-01 -3.72e-01 -1.24e-01 9.20e-01
1344 0.117109 3.35e+05 5.51e+05 5.24e+05 -1.22e-01 -8.44e-01 5.22e-01 3.95e-01 -5.24e-01 -7.55e-01 -9.11e-01 -1.14e-01 -3.97e-01
2593 0.121242 1.75e+05 2.94e+05 2.57e+05 8.98e-01 4.25e-01 -1.12e-01 6.78e-02 -3.86e-01 -9.20e-01 4.34e-01 -8.19e-01 3.76e-01
1990 0.112721 5.94e+05 8.50e+05 9.59e+05 4.45e-01 -8.95e-01 3.08e-02 -1.21e-01 -9.40e-02 -9.88e-01 -8.87e-01 -4.36e-01 1.50e-01
649 0.072578 3.93e+05 3.27e+05 2.90e+05 5.22e-01 -7.83e-01 -3.39e-01 2.57e-01 5.23e-01 -8.13e-01 -8.14e-01 -3.37e-01 -4.74e-01
1894 0.108017 6.20e+04 9.79e+04 9.11e+04 8.92e-01 -3.71e-01 -2.58e-01 -7.31e-02 -6.82e-01 7.27e-01 4.46e-01 6.30e-01 6.36e-01
575 0.070871 3.96e+05 3.49e+05 2.95e+05 5.44e-01 8.38e-01 3.66e-02 -5.89e-02 8.17e-02 -9.95e-01 8.37e-01 -5.39e-01 -9.38e-02
3026 0.123028 3.71e+05 6.28e+05 5.64e+05 -4.38e-01 8.91e-01 -1.22e-01 8.41e-01 4.54e-01 2.93e-01 -3.17e-01 -2.61e-02 9.48e-01
35 0.150353 3.92e+05 7.52e+05 6.44e+05 -7.22e-01 6.59e-01 2.09e-01 3.94e-01 1.43e-01 9.08e-01 -5.69e-01 -7.38e-01 3.63e-01
49 0.178710 1.54e+04 3.39e+04 2.75e+04 -6.27e-01 6.82e-01 -3.75e-01 6.95e-01 2.73e-01 -6.65e-01 3.51e-01 6.78e-01 6.46e-01
1150 0.259247 5.99e+05 1.94e+06 1.99e+06 9.34e-01 3.55e-01 4.54e-02 2.63e-01 -5.94e-01 -7.61e-01 2.43e-01 -7.22e-01 6.48e-01
1927 0.107664 2.79e+04 4.16e+04 4.40e+04 -6.12e-01 -5.94e-01 5.22e-01 1.66e-01 -7.42e-01 -6.49e-01 -7.73e-01 3.10e-01 -5.53e-01
941 0.118211 3.14e+05 4.80e+05 5.19e+05 6.19e-01 7.73e-01 -1.39e-01 7.13e-01 -6.28e-01 -3.13e-01 3.29e-01 -9.51e-02 9.39e-01
1086 0.064978 2.96e+05 2.49e+05 2.26e+05 4.81e-01 8.02e-01 -3.54e-01 -1.82e-01 4.86e-01 8.55e-01 -8.58e-01 3.46e-01 -3.79e-01
2041 0.164123 8.42e+05 1.41e+06 1.73e+06 8.62e-01 -4.86e-01 -1.41e-01 -2.96e-01 -7.10e-01 6.39e-01 4.11e-01 5.10e-01 7.56e-01
1671 0.107619 1.26e+06 1.10e+06 8.01e+05 5.64e-01 8.25e-01 -2.70e-02 6.38e-01 -4.56e-01 -6.20e-01 5.24e-01 -3.33e-01 7.84e-01
650 0.161546 7.52e+04 1.52e+05 1.39e+05 8.25e-01 -4.21e-01 -3.77e-01 -5.65e-01 -5.82e-01 -5.85e-01 -2.70e-02 -6.95e-01 7.18e-01
1022 0.118443 5.36e+05 4.60e+05 3.23e+05 7.59e-01 6.48e-01 -6.13e-02 3.95e-02 4.82e-02 9.98e-01 -6.50e-01 7.60e-01 -1.10e-02
2518 0.155364 9.19e+04 1.44e+05 1.81e+05 6.60e-01 -7.23e-01 -2.05e-01 1.86e-01 4.21e-01 -8.88e-01 -7.28e-01 -5.47e-01 -4.12e-01
1392 0.096201 4.13e+05 5.00e+05 6.19e+05 8.05e-01 -5.62e-01 1.90e-01 -4.29e-01 -7.73e-01 -4.67e-01 -4.09e-01 -2.95e-01 8.63e-01
2023 0.103042 2.40e+04 3.71e+04 2.94e+04 9.81e-01 1.63e-01 -1.01e-01 1.88e-01 -9.18e-01 3.50e-01 3.58e-02 3.62e-01 9.31e-01
2935 0.059756 9.88e+05 7.72e+05 8.81e+05 9.52e-01 2.16e-01 -2.18e-01 1.77e-01 -9.67e-01 -1.85e-01 2.51e-01 -1.38e-01 9.58e-01
307 0.086330 4.93e+04 4.09e+04 3.43e+04 7.50e-01 -5.40e-01 3.82e-01 6.44e-01 4.62e-01 -6.10e-01 -1.52e-01 -7.03e-01 -6.94e-01
1715 0.094951 2.38e+05 1.60e+05 1.87e+05 1.94e-01 -8.99e-01 -3.93e-01 -9.67e-01 -2.43e-01 8.02e-02 1.68e-01 -3.64e-01 9.16e-01
2003 0.145176 9.49e+04 1.52e+05 1.78e+05 9.43e-01 2.92e-01 1.57e-01 1.24e-01 1.27e-01 -9.84e-01 3.08e-01 -9.48e-01 -8.34e-02
141 0.085438 4.89e+05 3.42e+05 3.82e+05 8.66e-01 -4.94e-01 -7.20e-02 -4.04e-01 -6.08e-01 -6.84e-01 -2.94e-01 -6.22e-01 7.26e-01
3039 0.092419 1.53e+05 1.04e+05 1.16e+05 -2.06e-01 8.24e-01 -5.28e-01 7.82e-01 4.63e-01 4.17e-01 -5.88e-01 3.27e-01 7.40e-01
1185 0.091137 1.57e+05 2.30e+05 2.18e+05 5.56e-02 9.68e-01 -2.46e-01 8.46e-01 8.51e-02 5.26e-01 -5.30e-01 2.38e-01 8.14e-01
1790 0.146688 3.60e+04 5.90e+04 6.79e+04 4.12e-01 9.01e-01 1.34e-01 9.04e-01 -3.86e-01 -1.83e-01 1.13e-01 -1.96e-01 9.74e-01
1060 0.148208 1.72e+05 2.67e+05 3.26e+05 3.54e-01 9.31e-01 9.11e-02 9.30e-01 -3.60e-01 6.74e-02 -9.56e-02 -6.09e-02 9.94e-01
2182 0.129419 1.03e+05 1.60e+05 1.80e+05 9.24e-01 -3.80e-01 4.12e-02 -2.53e-01 -5.28e-01 8.11e-01 2.86e-01 7.59e-01 5.84e-01
791 0.167120 3.04e+05 5.48e+05 6.31e+05 8.05e-01 -5.86e-01 9.52e-02 -7.90e-02 5.32e-02 9.95e-01 5.88e-01 8.09e-01 3.43e-03
288 0.250063 5.22e+04 1.45e+05 1.65e+05 -3.04e-01 7.79e-01 5.48e-01 6.94e-01 -2.13e-01 6.88e-01 -6.53e-01 -5.89e-01 4.76e-01
580 0.094118 6.54e+04 8.66e+04 9.71e+04 3.13e-01 -9.22e-01 -2.30e-01 -2.93e-01 1.36e-01 -9.46e-01 -9.04e-01 -3.63e-01 2.27e-01
2991 0.100706 5.45e+05 8.33e+05 7.52e+05 -2.14e-01 -9.45e-01 -2.48e-01 -5.50e-01 3.26e-01 -7.69e-01 -8.07e-01 2.79e-02 5.89e-01
28 0.079935 3.57e+05 3.04e+05 2.56e+05 3.29e-01 -9.23e-01 2.01e-01 -2.77e-01 1.09e-01 9.55e-01 9.03e-01 3.69e-01 2.20e-01
2753 0.074900 3.48e+05 2.55e+05 2.95e+05 7.44e-01 6.13e-01 -2.67e-01 2.46e-01 -6.23e-01 -7.43e-01 6.21e-01 -4.87e-01 6.14e-01
1529 0.093598 1.61e+05 2.38e+05 2.03e+05 -6.35e-01 -7.69e-01 -7.37e-02 -3.35e-01 1.89e-01 9.23e-01 6.96e-01 -6.11e-01 3.78e-01
2821 0.180395 1.23e+05 2.52e+05 2.73e+05 6.15e-01 5.70e-01 5.45e-01 2.58e-01 -7.98e-01 5.44e-01 -7.45e-01 1.94e-01 6.38e-01
2820 0.108496 9.62e+05 1.52e+06 1.30e+06 -6.42e-01 7.50e-01 -1.59e-01 3.94e-01 5.02e-01 7.70e-01 -6.57e-01 -4.32e-01 6.18e-01
1025 0.100623 3.56e+04 5.44e+04 4.75e+04 3.11e-01 -9.29e-01 2.02e-01 -9.47e-01 -2.85e-01 1.48e-01 8.03e-02 2.37e-01 9.68e-01
1995 0.131057 1.14e+06 1.77e+06 1.99e+06 -4.02e-01 -6.79e-01 6.14e-01 7.24e-01 -6.47e-01 -2.41e-01 -5.61e-01 -3.48e-01 -7.51e-01
447 0.080365 8.57e+04 9.79e+04 1.20e+05 5.88e-01 -7.86e-01 -1.92e-01 -1.16e-01 1.53e-01 -9.81e-01 -8.01e-01 -5.99e-01 1.56e-03
1316 0.113480 1.14e+05 1.66e+05 1.84e+05 6.24e-01 6.68e-01 4.06e-01 3.33e-01 -6.97e-01 6.35e-01 -7.07e-01 2.61e-01 6.57e-01
729 0.140368 1.79e+05 1.42e+05 9.79e+04 3.14e-01 -9.48e-01 -5.41e-02 -1.37e-01 1.11e-02 -9.90e-01 -9.40e-01 -3.18e-01 1.27e-01
1866 0.176898 6.82e+05 1.29e+06 1.48e+06 1.73e-01 -9.60e-01 -2.21e-01 -6.79e-01 4.66e-02 -7.32e-01 -7.13e-01 -2.77e-01 6.44e-01
287 0.139697 1.24e+05 2.00e+05 2.26e+05 9.84e-01 -1.78e-01 1.57e-02 -1.76e-01 -9.50e-01 2.59e-01 3.14e-02 2.58e-01 9.66e-01
1915 0.127710 3.60e+04 6.19e+04 6.22e+04 -5.53e-02 9.51e-01 -3.03e-01 8.81e-01 1.89e-01 4.33e-01 -4.70e-01 2.43e-01 8.49e-01
2393 0.155922 5.43e+05 4.22e+05 2.76e+05 5.34e-01 7.73e-01 3.43e-01 4.69e-01 6.66e-02 -8.81e-01 7.04e-01 -6.31e-01 3.27e-01
1751 0.097857 1.78e+06 1.50e+06 1.18e+06 9.61e-01 2.56e-01 -1.05e-01 1.88e-01 -3.26e-01 9.26e-01 -2.03e-01 9.10e-01 3.62e-01
864 0.101395 3.23e+05 4.95e+05 4.81e+05 1.75e-01 9.15e-01 -3.64e-01 2.43e-01 3.18e-01 9.16e-01 -9.54e-01 2.48e-01 1.67e-01
1540 0.121326 1.60e+05 2.68e+05 2.44e+05 -1.42e-01 7.67e-01 6.26e-01 5.93e-01 5.72e-01 -5.66e-01 7.92e-01 -2.92e-01 5.36e-01
2054 0.150715 7.94e+05 1.20e+06 1.53e+06 4.33e-01 -8.32e-01 -3.46e-01 -3.02e-01 2.28e-01 -9.26e-01 -8.49e-01 -5.06e-01 1.52e-01
2445 0.112777 1.62e+05 2.22e+05 2.61e+05 3.58e-01 -6.62e-01 6.58e-01 7.23e-01 6.43e-01 2.53e-01 5.91e-01 -3.85e-01 -7.09e-01
1100 0.107497 4.64e+05 7.32e+05 6.34e+05 -7.10e-01 7.04e-01 2.92e-02 6.46e-01 6.67e-01 -3.72e-01 2.81e-01 2.45e-01 9.28e-01
2188 0.121927 4.09e+05 6.89e+05 6.34e+05 -2.21e-01 9.56e-01 1.92e-01 9.49e-01 2.56e-01 -1.84e-01 2.25e-01 -1.41e-01 9.64e-01
2980 0.118246 2.12e+05 1.79e+05 1.28e+05 6.05e-01 7.56e-01 -2.49e-01 -6.82e-01 6.54e-01 3.28e-01 -4.11e-01 2.88e-02 -9.11e-01
1304 0.145198 2.17e+05 3.86e+05 4.06e+05 9.96e-01 6.73e-02 -5.31e-02 1.90e-02 -7.77e-01 -6.29e-01 8.36e-02 -6.26e-01 7.76e-01
2234 0.062039 4.30e+05 5.03e+05 5.56e+05 1.93e-01 -9.57e-01 -2.18e-01 -9.55e-01 -2.34e-01 1.81e-01 2.24e-01 -1.73e-01 9.59e-01
1634 0.143067 3.05e+05 5.66e+05 5.12e+05 -4.47e-01 8.94e-01 -1.92e-02 7.48e-01 3.62e-01 -5.56e-01 4.90e-01 2.63e-01 8.31e-01
1576 0.082971 1.05e+06 7.45e+05 8.26e+05 1.23e-01 -9.76e-01 -1.78e-01 -8.44e-01 -1.97e-01 4.98e-01 5.22e-01 -8.85e-02 8.49e-01
1010 0.139283 1.87e+05 1.55e+05 1.03e+05 3.67e-01 9.26e-01 9.08e-02 -1.01e-01 1.37e-01 -9.85e-01 9.25e-01 -3.52e-01 -1.44e-01
2190 0.124193 2.23e+05 3.26e+05 3.79e+05 5.67e-01 7.53e-01 -3.34e-01 4.72e-01 -6.30e-01 -6.17e-01 6.75e-01 -1.92e-01 7.13e-01
1935 0.094935 5.24e+04 4.68e+04 3.52e+04 4.01e-01 9.10e-01 -1.08e-01 -3.00e-01 2.41e-01 9.23e-01 -8.66e-01 3.38e-01 -3.69e-01
2245 0.170642 9.47e+03 1.64e+04 2.00e+04 9.81e-01 1.90e-01 -3.17e-02 6.69e-02 -1.82e-01 9.81e-01 -1.80e-01 9.65e-01 1.91e-01
2674 0.120976 3.93e+04 5.74e+04 6.58e+04 2.12e-01 -7.41e-01 -6.37e-01 6.97e-01 -3.42e-01 6.30e-01 6.85e-01 5.78e-01 -4.45e-01
1617 0.112259 2.52e+05 4.06e+05 3.84e+05 -9.57e-02 9.44e-01 -3.17e-01 7.25e-01 2.84e-01 6.27e-01 -6.82e-01 1.70e-01 7.12e-01
1103 0.096961 3.25e+05 4.88e+05 4.49e+05 -2.93e-01 8.36e-01 4.64e-01 5.90e-01 -2.23e-01 7.76e-01 -7.52e-01 -5.01e-01 4.28e-01
2502 0.066445 2.05e+05 2.60e+05 2.70e+05 7.20e-01 -6.85e-01 1.11e-01 -1.99e-01 -3.57e-01 -9.13e-01 -6.65e-01 -6.35e-01 3.93e-01
872 0.078700 2.46e+05 2.02e+05 1.77e+05 4.68e-01 -8.80e-01 -8.42e-02 -4.30e-01 -1.43e-01 -8.91e-01 -7.72e-01 -4.53e-01 4.46e-01
900 0.127576 2.02e+05 1.17e+05 1.44e+05 -3.45e-01 9.35e-01 7.53e-02 3.61e-01 5.84e-02 9.31e-01 -8.66e-01 -3.49e-01 3.58e-01
2896 0.122064 2.01e+05 3.39e+05 3.25e+05 9.90e-01 1.12e-01 -8.80e-02 2.41e-02 4.76e-01 8.79e-01 -1.41e-01 8.72e-01 -4.69e-01
992 0.113083 3.83e+04 5.74e+04 6.19e+04 6.50e-01 -7.51e-01 -1.14e-01 -7.17e-01 -6.56e-01 2.37e-01 2.53e-01 7.26e-02 9.65e-01
1949 0.189901 1.58e+05 3.47e+05 3.68e+05 -3.68e-01 9.27e-01 -7.04e-02 3.05e-02 -6.36e-02 -9.98e-01 9.29e-01 3.69e-01 4.93e-03
898 0.130566 3.90e+04 5.88e+04 6.83e+04 -2.96e-01 8.08e-01 5.10e-01 -1.25e-01 -5.62e-01 8.18e-01 -9.47e-01 -1.78e-01 -2.67e-01
553 0.094822 3.82e+05 3.29e+05 2.57e+05 5.05e-01 -8.63e-01 -1.84e-02 -3.59e-01 -1.91e-01 -9.13e-01 -7.84e-01 -4.68e-01 4.06e-01
1564 0.147016 1.10e+05 2.08e+05 1.71e+05 7.88e-01 -4.74e-01 -3.93e-01 -5.75e-01 -3.39e-01 -7.44e-01 -2.19e-01 -8.13e-01 5.40e-01
251 0.094514 3.57e+05 5.31e+05 4.48e+05 6.45e-01 7.33e-01 -2.17e-01 5.94e-01 -3.02e-01 7.46e-01 -4.81e-01 6.10e-01 6.30e-01
1437 0.111370 6.06e+05 4.22e+05 3.78e+05 4.65e-01 8.83e-01 5.86e-02 8.06e-01 -4.50e-01 3.84e-01 -3.65e-01 1.31e-01 9.22e-01
877 0.094976 6.76e+04 1.01e+05 8.83e+04 9.26e-01 -2.99e-01 2.31e-01 -5.75e-02 -7.16e-01 -6.96e-01 -3.73e-01 -6.31e-01 6.80e-01
1209 0.194494 4.33e+06 3.58e+06 1.82e+06 8.72e-01 4.85e-01 6.68e-02 4.75e-01 -8.71e-01 1.26e-01 -1.19e-01 7.83e-02 9.90e-01
3036 0.151021 1.20e+06 2.09e+06 2.31e+06 8.40e-02 9.69e-01 2.32e-01 7.82e-01 -2.08e-01 5.88e-01 -6.18e-01 -1.32e-01 7.75e-01
2578 0.120953 9.67e+04 5.77e+04 7.62e+04 9.43e-01 -3.27e-01 -6.11e-02 -2.95e-01 -9.06e-01 3.05e-01 1.55e-01 2.70e-01 9.50e-01
48 0.081482 9.14e+04 1.09e+05 1.28e+05 5.09e-01 -8.56e-01 -8.98e-02 -8.50e-01 -4.83e-01 -2.10e-01 -1.36e-01 -1.83e-01 9.74e-01
647 0.113287 1.64e+05 2.65e+05 2.44e+05 4.79e-01 7.68e-01 -4.24e-01 8.68e-01 -3.42e-01 3.61e-01 -1.32e-01 5.41e-01 8.31e-01
1387 0.085004 1.85e+05 1.62e+05 1.30e+05 7.95e-01 6.06e-01 -2.82e-02 5.02e-01 -6.31e-01 5.91e-01 -3.41e-01 4.84e-01 8.06e-01
339 0.189813 1.92e+04 4.09e+04 4.45e+04 4.21e-01 7.85e-01 4.55e-01 5.42e-01 1.84e-01 -8.20e-01 7.27e-01 -5.92e-01 3.48e-01
2771 0.159185 5.60e+04 8.88e+04 1.12e+05 3.17e-01 8.72e-01 3.73e-01 8.02e-01 -3.66e-02 -5.96e-01 5.06e-01 -4.88e-01 7.11e-01
944 0.144796 1.95e+06 2.75e+06 3.64e+06 7.71e-01 -6.16e-01 -1.60e-01 -1.99e-01 -4.71e-01 8.59e-01 6.05e-01 6.31e-01 4.86e-01
2945 0.160037 3.64e+04 6.78e+04 7.31e+04 2.45e-01 -6.36e-01 7.32e-01 4.49e-01 7.44e-01 4.96e-01 8.59e-01 -2.07e-01 -4.67e-01
652 0.085107 1.60e+05 1.12e+05 1.33e+05 -4.99e-01 -8.57e-01 -1.25e-01 4.52e-02 1.18e-01 -9.92e-01 -8.65e-01 5.01e-01 2.02e-02
122 0.100827 2.88e+04 1.88e+04 2.22e+04 -7.44e-01 6.56e-01 1.26e-01 4.67e-02 2.39e-01 -9.70e-01 6.66e-01 7.16e-01 2.09e-01
2552 0.075769 2.04e+05 2.80e+05 2.50e+05 2.67e-01 -8.95e-01 3.56e-01 -8.83e-01 -3.76e-01 -2.82e-01 -3.87e-01 2.39e-01 8.91e-01
2126 0.095835 9.33e+03 1.40e+04 1.20e+04 -8.86e-01 3.59e-01 -2.92e-01 9.92e-02 7.63e-01 6.38e-01 -4.53e-01 -5.37e-01 7.12e-01
279 0.136218 3.28e+05 2.52e+05 1.83e+05 7.84e-01 -5.16e-01 -3.45e-01 -4.14e-01 -2.01e-02 -9.10e-01 -4.62e-01 -8.57e-01 2.29e-01
2599 0.124865 3.75e+05 6.39e+05 5.74e+05 7.45e-01 6.66e-01 -2.42e-02 5.31e-01 -6.15e-01 -5.83e-01 4.03e-01 -4.22e-01 8.12e-01
2692 0.106720 1.46e+05 9.32e+04 1.29e+05 9.93e-01 -1.18e-01 1.57e-02 -5.06e-02 -2.99e-01 9.53e-01 1.08e-01 9.47e-01 3.03e-01
1644 0.150645 5.80e+04 8.83e+04 1.11e+05 4.93e-01 -8.40e-01 2.29e-01 -8.16e-01 -5.37e-01 -2.14e-01 -3.02e-01 8.14e-02 9.50e-01
1463 0.118623 1.68e+05 2.31e+05 2.79e+05 3.51e-01 8.29e-01 -4.36e-01 -7.49e-01 -3.06e-02 -6.62e-01 5.62e-01 -5.59e-01 -6.10e-01
2094 0.124755 2.22e+04 3.78e+04 3.37e+04 7.66e-01 6.32e-01 1.21e-01 -4.01e-03 -1.83e-01 9.83e-01 -6.43e-01 7.53e-01 1.37e-01
581 0.091701 4.98e+05 3.39e+05 4.06e+05 3.68e-01 7.06e-01 6.05e-01 9.09e-01 -1.35e-01 -3.95e-01 1.97e-01 -6.96e-01 6.91e-01
2187 0.078057 1.47e+05 1.06e+05 1.21e+05 -4.33e-01 6.92e-01 5.77e-01 2.87e-01 7.13e-01 -6.40e-01 8.54e-01 1.12e-01 5.08e-01
1649 0.123819 1.31e+05 1.98e+05 2.22e+05 3.37e-01 -8.99e-01 -2.78e-01 -8.44e-01 -4.20e-01 3.35e-01 4.18e-01 -1.22e-01 9.00e-01
2602 0.112346 4.01e+05 5.85e+05 6.46e+05 6.29e-01 7.70e-01 -1.05e-01 3.10e-01 -1.25e-01 9.42e-01 -7.13e-01 6.26e-01 3.18e-01
2326 0.135359 1.18e+06 2.11e+06 1.60e+06 -9.34e-01 2.59e-01 2.44e-01 1.43e-01 -3.56e-01 9.24e-01 -3.26e-01 -8.98e-01 -2.95e-01
2846 0.101635 6.88e+04 8.99e+04 1.06e+05 3.32e-01 -8.50e-01 4.09e-01 9.17e-01 3.92e-01 7.13e-02 2.21e-01 -3.51e-01 -9.10e-01
1662 0.197548 2.68e+05 5.80e+05 6.47e+05 6.47e-01 7.55e-01 1.04e-01 6.37e-01 -6.10e-01 4.71e-01 -4.20e-01 2.39e-01 8.76e-01
372 0.126674 1.66e+05 2.35e+05 2.85e+05 4.45e-01 8.74e-01 -1.93e-01 3.83e-01 9.04e-03 9.24e-01 -8.09e-01 4.85e-01 3.31e-01
1765 0.119221 3.08e+04 4.03e+04 5.12e+04 5.56e-01 -8.30e-01 3.57e-02 -4.64e-02 1.19e-02 9.99e-01 8.30e-01 5.58e-01 3.19e-02
2958 0.111931 7.91e+04 1.14e+05 1.27e+05 4.01e-01 -8.90e-01 -2.19e-01 -5.47e-01 -4.24e-01 7.22e-01 7.35e-01 1.70e-01 6.57e-01
1750 0.102112 1.52e+05 9.85e+04 1.09e+05 2.57e-01 -7.48e-01 -6.12e-01 6.62e-01 5.97e-01 -4.52e-01 -7.04e-01 2.89e-01 -6.49e-01
1877 0.146015 2.47e+06 4.65e+06 4.51e+06 -2.71e-01 8.43e-01 -4.65e-01 9.52e-01 1.65e-01 -2.57e-01 1.40e-01 5.13e-01 8.47e-01
2537 0.094391 1.26e+06 8.47e+05 9.23e+05 -5.09e-01 8.50e-01 1.37e-01 8.35e-01 5.26e-01 -1.62e-01 2.10e-01 -3.16e-02 9.77e-01
2933 0.096099 5.59e+05 6.87e+05 4.58e+05 9.95e-01 -8.25e-02 5.51e-02 -1.39e-02 -6.67e-01 -7.45e-01 -9.82e-02 -7.41e-01 6.64e-01
1841 0.047522 4.57e+05 4.29e+05 3.76e+05 6.80e-01 7.19e-01 -1.45e-01 7.26e-01 -6.33e-01 2.67e-01 -1.00e-01 2.87e-01 9.53e-01
258 0.112522 1.13e+06 1.72e+06 1.82e+06 2.08e-01 9.58e-01 2.00e-01 9.32e-01 -2.56e-01 2.55e-01 -2.95e-01 -1.33e-01 9.46e-01
1422 0.193471 4.45e+05 8.49e+05 1.05e+06 1.57e-01 -9.76e-01 -1.52e-01 1.90e-01 1.81e-01 -9.65e-01 -9.69e-01 -1.22e-01 -2.14e-01
2213 0.114693 2.47e+05 4.02e+05 3.83e+05 3.11e-01 9.31e-01 1.90e-01 7.35e-01 -3.62e-01 5.73e-01 -6.03e-01 3.88e-02 7.97e-01
276 0.090712 8.17e+05 1.20e+06 1.01e+06 -8.51e-01 5.26e-01 -4.85e-03 4.62e-01 7.52e-01 4.70e-01 -2.51e-01 -3.98e-01 8.83e-01
1708 0.073049 8.19e+05 6.05e+05 6.71e+05 -3.52e-01 7.82e-01 5.15e-01 9.83e-02 5.78e-01 -8.10e-01 9.31e-01 2.35e-01 2.80e-01
2550 0.110296 1.67e+04 2.20e+04 2.66e+04 6.25e-01 -7.01e-01 3.44e-01 3.10e-01 -1.82e-01 -9.33e-01 -7.17e-01 -6.89e-01 -1.04e-01
760 0.149869 9.50e+03 1.82e+04 1.66e+04 3.18e-01 9.07e-01 -2.75e-01 4.58e-01 1.07e-01 8.82e-01 -8.30e-01 4.07e-01 3.82e-01
211 0.079443 4.70e+05 6.55e+05 6.24e+05 -2.57e-01 -7.38e-01 -6.24e-01 7.34e-01 2.71e-01 -6.23e-01 -6.29e-01 6.18e-01 -4.72e-01
2736 0.126689 1.96e+05 2.82e+05 3.36e+05 9.88e-01 -1.51e-01 1.49e-02 -1.29e-02 -1.82e-01 -9.83e-01 -1.51e-01 -9.72e-01 1.82e-01
1317 0.070855 1.82e+05 1.36e+05 1.50e+05 1.93e-01 -9.58e-01 -2.14e-01 -5.01e-01 -2.84e-01 8.17e-01 8.44e-01 5.00e-02 5.35e-01
1984 0.118760 1.45e+05 2.40e+05 2.09e+05 7.59e-01 6.51e-01 -1.46e-02 2.32e-01 -2.50e-01 9.40e-01 -6.09e-01 7.17e-01 3.41e-01
1102 0.231531 6.31e+04 1.64e+05 1.81e+05 5.72e-01 6.71e-01 4.72e-01 6.03e-01 4.56e-02 -7.96e-01 5.56e-01 -7.40e-01 3.79e-01
1489 0.098661 4.41e+05 2.91e+05 3.37e+05 5.48e-01 7.35e-01 -3.99e-01 -6.10e-03 -4.73e-01 -8.81e-01 8.36e-01 -4.85e-01 2.55e-01
1719 0.127913 1.03e+05 5.93e+04 8.10e+04 -8.97e-01 -4.42e-01 -1.03e-02 -7.47e-02 1.74e-01 -9.82e-01 -4.36e-01 8.80e-01 1.89e-01
321 0.083366 3.98e+05 3.17e+05 2.81e+05 -4.52e-01 6.99e-01 5.55e-01 -5.70e-02 -6.43e-01 7.64e-01 -8.90e-01 -3.13e-01 -3.31e-01
1856 0.133635 1.05e+06 8.48e+05 5.89e+05 7.47e-01 6.64e-01 -4.27e-02 4.86e-01 -5.88e-01 -6.46e-01 4.54e-01 -4.62e-01 7.62e-01
245 0.070837 8.22e+04 9.35e+04 1.10e+05 5.95e-01 -8.02e-01 -5.46e-02 -4.61e-01 -2.85e-01 -8.40e-01 -6.58e-01 -5.25e-01 5.39e-01
2493 0.173908 1.79e+05 1.56e+05 8.34e+04 5.78e-01 8.14e-01 4.86e-02 8.06e-01 -5.80e-01 1.21e-01 -1.27e-01 3.09e-02 9.91e-01
1972 0.086172 6.07e+05 4.92e+05 4.23e+05 6.62e-01 -7.47e-01 6.17e-02 -5.92e-01 -4.71e-01 6.53e-01 4.59e-01 4.69e-01 7.55e-01
741 0.117593 1.43e+04 2.35e+04 1.92e+04 9.99e-01 3.14e-02 -2.43e-02 2.48e-02 -1.65e-02 1.00e+00 -3.10e-02 9.99e-01 1.72e-02
408 0.098294 8.19e+05 6.19e+05 5.42e+05 6.33e-01 7.48e-01 -1.97e-01 4.03e-01 -1.03e-01 9.09e-01 -6.60e-01 6.55e-01 3.67e-01
1759 0.119774 3.02e+05 1.81e+05 2.25e+05 -4.65e-01 -8.79e-01 1.09e-01 -8.60e-01 4.19e-01 -2.91e-01 -2.10e-01 2.29e-01 9.50e-01
1713 0.105407 1.91e+05 2.99e+05 2.50e+05 9.79e-01 1.31e-01 1.58e-01 9.65e-02 3.86e-01 -9.17e-01 1.81e-01 -9.13e-01 -3.65e-01
1452 0.126758 1.00e+06 8.71e+05 5.83e+05 8.52e-01 -5.11e-01 -1.15e-01 -2.36e-01 -1.79e-01 -9.55e-01 -4.67e-01 -8.41e-01 2.73e-01
2733 0.114161 7.67e+05 4.73e+05 5.72e+05 9.89e-01 -1.21e-01 8.29e-02 -8.50e-02 -9.34e-01 -3.48e-01 -1.20e-01 -3.37e-01 9.34e-01
76 0.085942 4.00e+05 2.80e+05 2.90e+05 7.62e-01 -5.08e-01 -4.02e-01 -3.14e-01 2.53e-01 -9.15e-01 -5.66e-01 -8.24e-01 -3.33e-02
1388 0.160664 7.92e+04 1.60e+05 1.34e+05 9.91e-01 -1.26e-01 -4.26e-02 -2.77e-02 1.18e-01 -9.93e-01 -1.30e-01 -9.85e-01 -1.13e-01
1658 0.174476 2.92e+04 5.17e+04 6.29e+04 6.82e-01 -6.10e-01 -4.03e-01 -5.21e-01 -7.93e-01 3.17e-01 5.13e-01 6.42e-03 8.58e-01
2132 0.093940 1.32e+05 9.76e+04 8.91e+04 4.48e-01 8.87e-01 -1.13e-01 8.94e-01 -4.44e-01 5.93e-02 -2.23e-03 1.28e-01 9.92e-01
2233 0.168353 1.52e+05 1.25e+05 7.25e+04 8.14e-01 -5.81e-01 -2.45e-03 -5.46e-01 -7.64e-01 -3.42e-01 -1.97e-01 -2.80e-01 9.40e-01
1117 0.167115 7.13e+04 6.61e+04 3.43e+04 6.39e-01 -7.69e-01 -2.81e-02 -4.00e-01 -3.01e-01 -8.66e-01 -6.57e-01 -5.65e-01 4.99e-01
761 0.028425 3.19e+05 3.46e+05 3.58e+05 3.42e-01 -8.35e-01 4.32e-01 9.22e-01 2.09e-01 -3.26e-01 -1.82e-01 -5.10e-01 -8.41e-01
3006 0.205584 6.60e+04 1.66e+05 1.48e+05 -1.62e-01 -9.68e-01 -1.93e-01 -4.97e-01 2.49e-01 -8.31e-01 -8.53e-01 3.91e-02 5.21e-01
2545 0.099522 7.33e+04 1.11e+05 1.03e+05 8.38e-02 9.89e-01 1.23e-01 9.91e-01 -6.96e-02 -1.15e-01 1.05e-01 -1.32e-01 9.86e-01
2769 0.102837 3.12e+05 4.23e+05 4.82e+05 6.57e-01 -7.24e-01 2.11e-01 -1.98e-01 1.04e-01 9.75e-01 7.27e-01 6.82e-01 7.47e-02
588 0.117917 3.67e+05 6.07e+05 5.28e+05 6.67e-01 6.95e-01 -2.69e-01 7.40e-01 -5.76e-01 3.48e-01 -8.68e-02 4.31e-01 8.98e-01
467 0.163706 1.63e+05 2.93e+05 3.33e+05 9.39e-01 -3.15e-01 -1.37e-01 -2.13e-01 -8.47e-01 4.88e-01 2.70e-01 4.29e-01 8.62e-01
1153 0.130978 1.74e+05 3.05e+05 2.11e+05 -9.88e-01 -1.51e-01 1.66e-02 -4.08e-02 3.69e-01 9.29e-01 1.47e-01 -9.17e-01 3.71e-01
869 0.095692 7.13e+04 6.15e+04 4.77e+04 2.69e-01 9.52e-01 -1.44e-01 8.04e-01 -3.05e-01 -5.11e-01 5.30e-01 -2.18e-02 8.48e-01
327 0.051848 9.77e+04 1.21e+05 1.07e+05 9.88e-01 -1.47e-01 4.56e-02 -8.05e-02 -7.47e-01 -6.60e-01 -1.31e-01 -6.49e-01 7.50e-01
2068 0.153697 2.67e+05 5.20e+05 4.63e+05 -1.28e-01 8.01e-01 5.84e-01 -2.83e-01 5.35e-01 -7.96e-01 9.51e-01 2.67e-01 -1.58e-01
164 0.046287 2.06e+05 2.50e+05 2.46e+05 5.23e-01 8.19e-01 -2.36e-01 5.53e-01 -5.37e-01 -6.37e-01 6.49e-01 -2.03e-01 7.34e-01
1828 0.164405 2.03e+05 4.16e+05 3.30e+05 7.75e-01 -5.94e-01 2.16e-01 -6.30e-01 -6.93e-01 3.50e-01 5.82e-02 4.08e-01 9.11e-01
50 0.233027 5.55e+04 1.60e+05 1.39e+05 5.47e-01 7.75e-01 -3.17e-01 3.70e-01 -5.63e-01 -7.39e-01 7.51e-01 -2.87e-01 5.94e-01
2069 0.100961 3.64e+05 3.09e+05 2.38e+05 6.38e-01 7.56e-01 -1.47e-01 6.97e-01 -6.48e-01 -3.06e-01 3.27e-01 -9.24e-02 9.41e-01
239 0.137928 9.56e+04 1.51e+05 1.73e+05 5.84e-01 7.91e-01 1.82e-01 5.46e-01 -2.18e-01 -8.09e-01 6.00e-01 -5.72e-01 5.59e-01
1889 0.164050 5.91e+05 1.21e+06 1.13e+06 -2.53e-01 -7.37e-01 6.27e-01 2.81e-01 5.64e-01 7.77e-01 9.26e-01 -3.73e-01 -6.41e-02
1475 0.185800 2.95e+05 6.72e+05 5.95e+05 5.62e-01 7.11e-01 4.22e-01 8.23e-01 -5.29e-01 -2.06e-01 -7.70e-02 -4.63e-01 8.83e-01
804 0.111544 3.78e+05 3.18e+05 2.36e+05 8.09e-01 5.83e-01 -8.00e-02 5.79e-01 -7.65e-01 2.83e-01 -1.04e-01 2.75e-01 9.56e-01
954 0.120585 1.64e+05 2.65e+05 2.75e+05 -4.41e-01 -6.96e-01 5.66e-01 8.88e-01 -4.33e-01 1.59e-01 -1.34e-01 -5.73e-01 -8.09e-01
1878 0.160718 2.78e+04 5.61e+04 4.63e+04 9.60e-01 2.47e-01 1.32e-01 2.51e-01 -9.68e-01 -1.43e-02 -1.24e-01 -4.69e-02 9.91e-01
2745 0.087706 1.65e+05 1.38e+05 1.14e+05 5.65e-01 -6.98e-01 -4.39e-01 -7.76e-01 -6.30e-01 3.31e-03 2.79e-01 -3.39e-01 8.98e-01
1774 0.090959 6.40e+04 4.81e+04 4.37e+04 6.86e-01 7.10e-01 1.57e-01 1.22e-01 -3.25e-01 9.38e-01 -7.17e-01 6.24e-01 3.10e-01
2519 0.096043 7.23e+05 6.28e+05 4.83e+05 9.85e-01 1.67e-01 3.23e-02 -1.19e-02 2.57e-01 -9.66e-01 1.70e-01 -9.52e-01 -2.55e-01
2835 0.168260 3.07e+04 6.41e+04 4.91e+04 -6.19e-01 -7.81e-01 8.15e-02 -6.35e-01 5.59e-01 5.34e-01 4.62e-01 -2.79e-01 8.42e-01
1789 0.107629 4.85e+05 3.75e+05 3.08e+05 8.35e-01 5.51e-01 -1.24e-02 3.14e-01 -4.57e-01 8.32e-01 -4.52e-01 6.98e-01 5.55e-01
2315 0.131756 1.15e+05 8.19e+04 6.51e+04 -3.24e-01 7.80e-01 5.35e-01 -1.32e-01 -5.98e-01 7.91e-01 -9.37e-01 -1.85e-01 -2.96e-01
2564 0.081170 4.48e+04 3.19e+04 3.64e+04 9.69e-01 -2.12e-01 1.24e-01 -1.58e-01 -1.47e-01 9.76e-01 1.89e-01 9.66e-01 1.76e-01
1961 0.184242 5.82e+05 1.31e+06 1.16e+06 -7.13e-01 6.99e-01 -5.48e-02 1.86e-01 2.64e-01 9.46e-01 -6.76e-01 -6.64e-01 3.18e-01
2825 0.107985 3.07e+05 4.84e+05 4.40e+05 9.97e-01 7.21e-02 2.83e-02 7.73e-02 -8.98e-01 -4.34e-01 5.89e-03 -4.35e-01 9.00e-01
1357 0.065868 1.19e+05 1.56e+05 1.41e+05 9.45e-01 3.01e-01 1.30e-01 2.86e-01 -5.61e-01 -7.77e-01 1.61e-01 -7.71e-01 6.16e-01
1154 0.110115 4.97e+04 3.12e+04 3.67e+04 8.84e-01 -4.67e-01 -1.42e-02 -1.80e-02 -3.74e-03 -1.00e+00 -4.67e-01 -8.84e-01 1.17e-02
