# void ID, ellip, eig(1), eig(2), eig(3), eigv(1)-x, eiv(1)-y, eigv(1)-z, eigv(2)-x, eigv(2)-y, eigv(2)-z, eigv(3)-x, eigv(3)-y, eigv(3)-z
2434 0.086776 2.95e+06 3.93e+06 4.24e+06 6.96e-01 6.11e-01 -3.76e-01 -5.15e-01 5.97e-02 -8.55e-01 5.00e-01 -7.89e-01 -3.56e-01
722 0.084190 3.61e+06 4.64e+06 5.13e+06 1.67e-01 -9.17e-01 -3.63e-01 -8.75e-01 3.12e-02 -4.82e-01 -4.53e-01 -3.98e-01 7.97e-01
2386 0.079083 2.74e+05 3.30e+05 3.81e+05 9.74e-01 2.03e-01 -1.02e-01 -2.05e-01 9.79e-01 -9.74e-03 -9.80e-02 -3.04e-02 -9.95e-01
2864 0.075536 1.13e+06 1.46e+06 1.55e+06 1.27e-01 9.19e-01 3.73e-01 8.28e-01 -3.05e-01 4.70e-01 -5.46e-01 -2.50e-01 8.00e-01
1601 0.125988 2.49e+05 3.46e+05 4.27e+05 8.14e-01 5.37e-01 2.22e-01 9.87e-02 2.49e-01 -9.64e-01 5.73e-01 -8.06e-01 -1.49e-01
634 0.071903 1.06e+06 7.89e+05 8.84e+05 -6.53e-01 7.56e-01 -4.22e-02 2.03e-01 2.28e-01 9.52e-01 -7.30e-01 -6.13e-01 3.02e-01
1661 0.120647 5.39e+05 7.64e+05 9.01e+05 8.49e-01 -3.57e-01 -3.91e-01 -5.27e-01 -4.99e-01 -6.88e-01 -5.06e-02 -7.90e-01 6.11e-01
998 0.077343 1.79e+06 2.21e+06 2.48e+06 3.64e-01 9.29e-01 6.54e-02 3.78e-01 -2.12e-01 9.01e-01 -8.51e-01 3.04e-01 4.28e-01
2696 0.114878 1.58e+06 2.57e+06 2.25e+06 -6.40e-01 7.44e-01 -1.91e-01 2.59e-01 -2.52e-02 -9.65e-01 7.23e-01 6.67e-01 1.77e-01
1908 0.101970 6.82e+05 4.81e+05 4.44e+05 7.70e-01 -5.11e-01 -3.81e-01 -6.28e-01 -5.04e-01 -5.94e-01 -1.12e-01 -6.96e-01 7.09e-01
525 0.139365 8.37e+05 1.53e+06 1.37e+06 -2.24e-01 9.74e-01 -5.39e-03 9.64e-01 2.23e-01 1.43e-01 -1.41e-01 -2.69e-02 9.90e-01
2279 0.134358 5.70e+05 9.22e+05 1.01e+06 4.43e-01 7.96e-01 4.12e-01 7.77e-01 -5.70e-01 2.67e-01 -4.48e-01 -2.02e-01 8.71e-01
1857 0.122775 8.41e+05 1.24e+06 1.42e+06 4.12e-01 -8.87e-01 2.07e-01 -7.44e-01 -1.96e-01 6.39e-01 5.26e-01 4.18e-01 7.41e-01
1981 0.046372 3.51e+06 3.18e+06 2.90e+06 3.88e-01 9.21e-01 4.28e-02 4.66e-01 -2.36e-01 8.53e-01 -7.95e-01 3.11e-01 5.20e-01
1002 0.111489 1.41e+06 8.80e+05 1.02e+06 -2.56e-01 -7.92e-01 5.55e-01 -3.53e-01 -4.58e-01 -8.16e-01 -9.00e-01 4.04e-01 1.63e-01
1833 0.064532 3.20e+05 3.63e+05 4.18e+05 7.12e-01 6.98e-01 -7.68e-02 5.43e-01 -6.16e-01 -5.71e-01 4.46e-01 -3.64e-01 8.18e-01
262 0.058759 3.25e+05 3.77e+05 4.14e+05 4.74e-01 -6.69e-01 5.72e-01 5.04e-01 -3.27e-01 -8.00e-01 -7.22e-01 -6.68e-01 -1.82e-01
2816 0.080738 3.13e+06 2.24e+06 2.52e+06 -3.99e-01 8.07e-01 -4.35e-01 -1.62e-01 4.04e-01 9.00e-01 -9.03e-01 -4.30e-01 3.02e-02
1292 0.089705 4.21e+05 6.13e+05 5.35e+05 8.62e-01 3.61e-01 -3.55e-01 1.28e-01 -8.33e-01 -5.38e-01 4.90e-01 -4.19e-01 7.65e-01
2900 0.055589 2.24e+06 1.95e+06 1.78e+06 5.30e-01 7.34e-01 -4.25e-01 -4.30e-01 6.65e-01 6.11e-01 -7.31e-01 1.41e-01 -6.68e-01
2284 0.070118 4.46e+05 5.96e+05 5.69e+05 6.26e-01 5.74e-01 5.28e-01 5.04e-01 2.18e-01 -8.36e-01 5.94e-01 -7.89e-01 1.53e-01
1901 0.077229 9.48e+05 8.44e+05 6.87e+05 8.57e-01 5.14e-01 -3.61e-02 4.85e-01 -7.81e-01 3.94e-01 -1.74e-01 3.55e-01 9.19e-01
2137 0.074629 1.48e+06 1.09e+06 1.30e+06 9.96e-01 -4.07e-02 7.77e-02 -6.99e-02 -9.03e-01 4.23e-01 -5.29e-02 4.27e-01 9.03e-01
2084 0.121699 8.76e+05 6.49e+05 5.21e+05 5.09e-01 -7.23e-01 4.67e-01 4.12e-01 6.81e-01 6.06e-01 7.56e-01 1.16e-01 -6.44e-01
2209 0.049596 1.30e+06 1.59e+06 1.47e+06 9.93e-01 7.99e-02 -8.80e-02 9.86e-02 -9.67e-01 2.34e-01 6.65e-02 2.41e-01 9.68e-01
2398 0.069120 2.77e+05 3.37e+05 3.68e+05 -2.69e-01 -7.11e-01 6.49e-01 1.51e-01 6.35e-01 7.58e-01 9.51e-01 -3.02e-01 6.35e-02
1940 0.052824 4.12e+05 5.11e+05 5.00e+05 4.71e-01 8.69e-01 1.52e-01 8.68e-01 -4.26e-01 -2.54e-01 1.56e-01 -2.52e-01 9.55e-01
2849 0.138298 1.26e+05 2.29e+05 1.96e+05 -4.85e-01 7.23e-01 -4.93e-01 4.75e-01 6.91e-01 5.45e-01 -7.35e-01 -3.01e-02 6.78e-01
1418 0.123031 5.58e+06 4.78e+06 3.30e+06 8.17e-01 5.68e-01 1.03e-01 1.11e-01 2.14e-02 -9.94e-01 5.66e-01 -8.23e-01 4.56e-02
2064 0.063383 2.42e+06 1.86e+06 2.10e+06 9.45e-01 2.80e-01 1.71e-01 1.42e-01 1.22e-01 -9.82e-01 2.95e-01 -9.52e-01 -7.53e-02
1192 0.041036 7.18e+05 8.49e+05 7.92e+05 7.59e-01 -6.50e-01 -3.63e-02 -5.58e-01 -6.20e-01 -5.52e-01 -3.36e-01 -4.39e-01 8.33e-01
2270 0.077454 2.11e+05 2.67e+05 2.92e+05 8.60e-01 3.95e-01 -3.22e-01 -4.29e-01 9.02e-01 -4.04e-02 -2.75e-01 -1.73e-01 -9.46e-01
2738 0.111009 7.89e+05 1.13e+06 1.26e+06 -4.64e-01 7.75e-01 4.30e-01 5.39e-01 -1.39e-01 8.31e-01 -7.03e-01 -6.17e-01 3.53e-01
1757 0.129710 1.93e+06 1.38e+06 1.11e+06 5.31e-01 8.46e-01 4.81e-02 8.44e-01 -5.22e-01 -1.23e-01 7.87e-02 -1.06e-01 9.91e-01
1538 0.087904 9.01e+05 6.23e+05 6.69e+05 -1.50e-01 -8.42e-01 5.19e-01 -2.64e-01 5.40e-01 7.99e-01 9.53e-01 1.72e-02 3.03e-01
749 0.173854 2.72e+05 5.83e+05 5.32e+05 -5.87e-01 7.57e-01 -2.86e-01 6.28e-01 6.49e-01 4.29e-01 -5.11e-01 -7.20e-02 8.57e-01
3005 0.114320 4.40e+05 3.71e+05 2.71e+05 4.38e-01 -8.97e-01 6.89e-02 -5.45e-01 -3.25e-01 -7.73e-01 -7.15e-01 -3.01e-01 6.31e-01
1355 0.150410 1.83e+06 3.10e+06 3.51e+06 9.60e-01 -2.74e-01 5.91e-02 -2.76e-01 -9.61e-01 2.00e-02 -5.13e-02 3.55e-02 9.98e-01
2784 0.097934 3.71e+05 2.77e+05 2.45e+05 4.99e-01 -8.62e-01 -8.70e-02 -2.24e-01 -3.15e-02 -9.74e-01 -8.37e-01 -5.05e-01 2.09e-01
807 0.183753 1.10e+05 2.47e+05 2.34e+05 9.60e-01 -2.65e-01 -8.48e-02 -7.39e-02 5.09e-02 -9.96e-01 -2.68e-01 -9.63e-01 -2.93e-02
2099 0.111073 5.60e+05 8.96e+05 7.47e+05 6.47e-01 6.38e-01 -4.17e-01 7.25e-01 -3.47e-01 5.95e-01 -2.35e-01 6.87e-01 6.87e-01
2174 0.089282 6.31e+05 8.69e+05 9.17e+05 5.96e-01 8.02e-01 -4.77e-02 3.05e-01 -1.71e-01 9.37e-01 -7.43e-01 5.73e-01 3.46e-01
2830 0.127486 1.61e+05 2.64e+05 2.78e+05 4.31e-01 8.08e-01 -4.02e-01 8.29e-01 -5.30e-01 -1.79e-01 3.57e-01 2.56e-01 8.98e-01
2507 0.094480 3.55e+05 4.77e+05 5.28e+05 4.27e-01 8.75e-01 2.29e-01 6.12e-01 -9.34e-02 -7.86e-01 6.66e-01 -4.76e-01 5.75e-01
1370 0.106161 5.46e+05 8.55e+05 7.05e+05 5.20e-01 6.43e-01 5.62e-01 3.63e-01 -7.62e-01 5.36e-01 -7.73e-01 7.42e-02 6.30e-01
272 0.228521 2.97e+06 8.38e+06 7.08e+06 -2.34e-01 -8.45e-01 4.82e-01 -8.83e-01 3.92e-01 2.59e-01 4.08e-01 3.65e-01 8.37e-01
243 0.116751 4.64e+05 7.63e+05 7.29e+05 9.46e-01 2.92e-01 1.40e-01 2.30e-01 -9.10e-01 3.44e-01 -2.28e-01 2.94e-01 9.28e-01
2594 0.064989 1.03e+05 7.91e+04 8.42e+04 -6.92e-01 -5.30e-01 4.90e-01 1.20e-02 -6.87e-01 -7.26e-01 -7.22e-01 4.97e-01 -4.82e-01
2781 0.090576 8.10e+05 1.05e+06 1.18e+06 -5.67e-01 -6.13e-01 -5.50e-01 4.03e-02 6.47e-01 -7.62e-01 -8.23e-01 4.54e-01 3.42e-01
298 0.101416 1.71e+05 2.47e+05 2.63e+05 7.86e-01 -5.76e-01 -2.25e-01 -5.32e-01 -4.44e-01 -7.21e-01 -3.16e-01 -6.86e-01 6.55e-01
1014 0.100391 1.15e+06 1.43e+06 1.75e+06 7.12e-01 6.25e-01 -3.20e-01 -5.30e-01 1.79e-01 -8.29e-01 4.61e-01 -7.60e-01 -4.58e-01
949 0.151837 7.39e+05 5.52e+05 3.83e+05 9.99e-01 -4.71e-02 -1.93e-03 -4.44e-02 -9.54e-01 2.98e-01 1.59e-02 2.98e-01 9.55e-01
1176 0.149889 1.37e+06 1.95e+06 2.63e+06 7.93e-01 -6.09e-01 -1.70e-02 -5.23e-02 -4.02e-02 -9.98e-01 -6.07e-01 -7.92e-01 6.38e-02
2035 0.087363 1.71e+06 2.47e+06 2.08e+06 6.05e-01 6.81e-01 4.12e-01 5.88e-01 -3.35e-02 -8.08e-01 5.37e-01 -7.31e-01 4.21e-01
1747 0.168023 6.83e+05 1.43e+06 1.29e+06 9.60e-01 -2.50e-01 1.23e-01 -1.45e-01 -7.29e-02 9.87e-01 2.37e-01 9.66e-01 1.06e-01
2480 0.159075 4.69e+05 7.86e+05 9.38e+05 8.25e-01 -5.40e-01 -1.64e-01 -1.40e-01 -4.77e-01 8.68e-01 5.47e-01 6.93e-01 4.69e-01
1673 0.161394 7.07e+05 1.43e+06 1.33e+06 9.63e-01 2.36e-01 -1.30e-01 1.28e-02 -5.23e-01 -8.52e-01 2.70e-01 -8.19e-01 5.06e-01
31 0.163679 7.53e+05 1.24e+06 1.54e+06 8.25e-01 -5.11e-01 2.41e-01 -3.99e-01 -8.29e-01 -3.93e-01 -4.00e-01 -2.28e-01 8.88e-01
2074 0.121748 2.68e+05 2.03e+05 1.60e+05 9.59e-01 2.38e-01 -1.52e-01 -1.39e-01 -6.98e-02 -9.88e-01 2.46e-01 -9.69e-01 3.39e-02
2432 0.164146 4.27e+05 8.18e+05 8.74e+05 1.39e-01 8.98e-01 4.18e-01 4.07e-01 3.33e-01 -8.51e-01 9.03e-01 -2.88e-01 3.19e-01
1138 0.170469 4.97e+05 1.05e+06 9.42e+05 8.45e-01 4.47e-01 -2.95e-01 -5.22e-01 8.08e-01 -2.73e-01 -1.17e-01 -3.84e-01 -9.16e-01
2409 0.065475 3.33e+05 3.92e+05 4.36e+05 8.14e-01 -5.74e-01 8.79e-02 -4.56e-01 -5.38e-01 7.09e-01 3.59e-01 6.17e-01 7.00e-01
876 0.103425 6.74e+04 1.04e+05 9.48e+04 9.80e-01 1.42e-01 1.36e-01 1.23e-01 -9.82e-01 1.40e-01 -1.53e-01 1.21e-01 9.81e-01
733 0.071184 1.16e+06 1.01e+06 8.62e+05 6.92e-01 6.84e-01 2.30e-01 3.84e-01 -6.18e-01 6.86e-01 -6.12e-01 3.87e-01 6.90e-01
2429 0.095366 9.05e+05 6.57e+05 6.06e+05 -6.28e-01 -5.63e-01 5.38e-01 5.48e-01 1.71e-01 8.19e-01 5.53e-01 -8.09e-01 -2.01e-01
798 0.082670 8.88e+05 7.79e+05 6.29e+05 6.03e-01 -7.98e-01 7.83e-03 -6.06e-01 -4.52e-01 6.55e-01 5.19e-01 4.00e-01 7.56e-01
609 0.087263 4.66e+05 3.24e+05 3.80e+05 2.71e-01 9.21e-01 -2.79e-01 1.32e-01 -3.22e-01 -9.37e-01 9.54e-01 -2.17e-01 2.08e-01
513 0.073147 1.04e+05 1.41e+05 1.22e+05 9.67e-01 -1.45e-01 -2.09e-01 -4.02e-02 -8.98e-01 4.39e-01 2.51e-01 4.16e-01 8.74e-01
2244 0.133267 1.85e+05 3.27e+05 2.63e+05 6.97e-01 6.10e-01 3.77e-01 6.33e-01 -2.75e-01 -7.24e-01 3.38e-01 -7.43e-01 5.78e-01
1198 0.058921 4.34e+05 3.87e+05 3.41e+05 1.78e-01 -9.80e-01 -9.04e-02 -4.49e-01 8.11e-04 -8.94e-01 -8.76e-01 -2.00e-01 4.40e-01
2634 0.104245 1.41e+05 2.04e+05 2.19e+05 6.10e-01 7.88e-01 7.65e-02 1.64e-01 -2.20e-01 9.62e-01 -7.75e-01 5.74e-01 2.63e-01
2296 0.114898 4.45e+05 7.25e+05 6.48e+05 7.07e-01 5.67e-01 4.22e-01 2.47e-01 -7.58e-01 6.04e-01 -6.62e-01 3.23e-01 6.76e-01
1457 0.113163 7.39e+05 9.82e+05 1.19e+06 5.04e-01 -6.66e-01 5.50e-01 -1.55e-02 -6.44e-01 -7.65e-01 -8.64e-01 -3.77e-01 3.35e-01
1112 0.089825 3.62e+05 5.11e+05 5.27e+05 3.79e-01 7.87e-01 4.87e-01 8.40e-01 -5.14e-01 1.76e-01 -3.88e-01 -3.43e-01 8.55e-01
2248 0.216478 8.18e+05 2.17e+06 1.97e+06 9.58e-01 2.72e-01 9.48e-02 2.16e-01 -4.59e-01 -8.62e-01 1.91e-01 -8.46e-01 4.98e-01
2814 0.092039 9.26e+05 1.19e+06 1.36e+06 2.51e-01 9.65e-01 -7.14e-02 6.78e-01 -1.22e-01 7.25e-01 -6.91e-01 2.30e-01 6.85e-01
756 0.224614 3.65e+05 1.01e+06 9.56e+05 1.90e-01 9.17e-01 3.52e-01 7.52e-01 -3.66e-01 5.48e-01 -6.31e-01 -1.61e-01 7.59e-01
914 0.151179 1.01e+06 1.94e+06 1.60e+06 9.82e-01 -1.90e-01 -1.23e-02 -1.75e-01 -9.26e-01 3.35e-01 7.51e-02 3.27e-01 9.42e-01
1070 0.130912 7.79e+04 1.26e+05 1.36e+05 1.00e-01 9.94e-01 4.39e-02 4.54e-01 -6.37e-03 -8.91e-01 8.85e-01 -1.09e-01 4.52e-01
829 0.125669 3.12e+05 5.34e+05 4.78e+05 -6.61e-01 -6.11e-01 4.35e-01 6.72e-01 -2.26e-01 7.05e-01 3.32e-01 -7.59e-01 -5.61e-01
1637 0.152576 6.03e+04 1.17e+05 9.61e+04 -6.51e-01 7.59e-01 2.79e-02 7.10e-01 5.96e-01 3.74e-01 -2.67e-01 -2.64e-01 9.27e-01
1224 0.062021 3.78e+05 4.88e+05 4.78e+05 5.44e-01 7.05e-01 4.55e-01 3.48e-01 3.04e-01 -8.87e-01 7.64e-01 -6.41e-01 8.00e-02
2060 0.108561 6.20e+04 4.74e+04 3.92e+04 -6.62e-01 -5.32e-01 -5.28e-01 5.42e-01 -8.26e-01 1.54e-01 5.18e-01 1.84e-01 -8.36e-01
20 0.110688 6.36e+04 1.02e+05 8.96e+04 7.62e-01 6.45e-01 6.33e-02 3.23e-01 -4.63e-01 8.25e-01 -5.61e-01 6.08e-01 5.61e-01
439 0.226861 4.25e+05 1.19e+06 1.15e+06 -4.85e-01 -6.33e-01 6.03e-01 6.95e-01 -6.98e-01 -1.73e-01 -5.30e-01 -3.35e-01 -7.79e-01
1862 0.095116 1.09e+06 9.23e+05 7.30e+05 4.34e-01 -8.61e-01 2.65e-01 7.89e-01 2.21e-01 -5.73e-01 -4.35e-01 -4.58e-01 -7.75e-01
1711 0.091703 7.94e+05 1.17e+06 9.64e+05 -8.16e-01 5.78e-01 -1.48e-02 1.28e-01 1.56e-01 -9.79e-01 5.64e-01 8.01e-01 2.01e-01
1887 0.106842 4.17e+04 6.56e+04 5.71e+04 6.64e-01 -5.79e-01 4.73e-01 -1.48e-01 5.19e-01 8.42e-01 7.33e-01 6.30e-01 -2.59e-01
1586 0.079365 2.76e+04 3.33e+04 3.85e+04 9.58e-01 -2.77e-01 -7.53e-02 -2.45e-01 -9.27e-01 2.83e-01 1.48e-01 2.52e-01 9.56e-01
2483 0.090113 2.75e+05 3.68e+05 4.01e+05 9.47e-01 -3.18e-01 -4.03e-02 -1.76e-01 -4.11e-01 -8.95e-01 -2.68e-01 -8.55e-01 4.45e-01
937 0.098954 2.94e+05 3.72e+05 4.47e+05 5.85e-01 -7.16e-01 3.80e-01 -2.32e-01 -5.97e-01 -7.68e-01 -7.77e-01 -3.61e-01 5.16e-01
2474 0.073704 1.95e+05 2.26e+05 2.65e+05 5.73e-01 8.15e-01 -8.89e-02 3.25e-01 -3.25e-01 -8.88e-01 7.52e-01 -4.80e-01 4.51e-01
1934 0.148084 4.36e+06 8.27e+06 6.73e+06 -4.14e-01 -8.72e-01 2.60e-01 -8.58e-01 4.69e-01 2.08e-01 3.03e-01 1.37e-01 9.43e-01
727 0.092812 5.10e+05 7.53e+05 6.50e+05 3.01e-01 -9.17e-01 2.63e-01 -5.57e-01 -3.93e-01 -7.31e-01 -7.74e-01 -7.33e-02 6.29e-01
1966 0.154338 5.45e+05 1.06e+06 8.17e+05 -6.54e-01 -5.87e-01 4.77e-01 1.16e-01 -7.01e-01 -7.04e-01 -7.48e-01 4.05e-01 -5.26e-01
1019 0.075135 2.78e+05 3.80e+05 3.45e+05 -5.11e-01 8.41e-01 -1.76e-01 1.21e-01 -1.33e-01 -9.84e-01 8.51e-01 5.24e-01 3.44e-02
1629 0.090775 2.48e+04 3.37e+04 3.63e+04 -3.32e-01 8.18e-01 4.69e-01 7.81e-01 -4.10e-02 6.24e-01 -5.30e-01 -5.73e-01 6.25e-01
2626 0.078106 1.08e+06 1.44e+06 1.50e+06 2.48e-01 8.78e-01 4.09e-01 -8.31e-02 4.40e-01 -8.94e-01 9.65e-01 -1.88e-01 -1.82e-01
2007 0.100347 3.13e+05 4.77e+05 4.64e+05 5.08e-01 8.53e-01 -1.21e-01 3.26e-01 -3.21e-01 -8.89e-01 7.97e-01 -4.12e-01 4.41e-01
335 0.172556 9.56e+04 2.04e+05 1.90e+05 9.28e-01 3.53e-01 1.21e-01 9.60e-02 8.63e-02 -9.92e-01 3.60e-01 -9.32e-01 -4.62e-02
895 0.168858 3.09e+05 6.47e+05 5.71e+05 4.42e-01 8.29e-01 3.42e-01 5.84e-01 2.33e-02 -8.12e-01 6.81e-01 -5.58e-01 4.74e-01
1557 0.151503 8.13e+05 1.57e+06 1.35e+06 9.20e-01 -3.17e-01 2.33e-01 -3.67e-01 -9.04e-01 2.20e-01 -1.41e-01 2.88e-01 9.47e-01
6 0.116421 3.69e+05 6.05e+05 5.08e+05 4.21e-01 -9.06e-01 -4.20e-02 -9.04e-01 -4.23e-01 6.16e-02 7.36e-02 -1.20e-02 9.97e-01
2088 0.155446 3.63e+05 7.14e+05 6.70e+05 4.84e-01 7.96e-01 -3.62e-01 8.26e-01 -5.52e-01 -1.10e-01 2.88e-01 2.46e-01 9.25e-01
679 0.086700 7.66e+05 1.10e+06 9.90e+05 6.88e-01 7.22e-01 -6.84e-02 1.75e-01 -2.57e-01 -9.50e-01 7.04e-01 -6.42e-01 3.03e-01
2402 0.111672 5.89e+05 4.28e+05 3.67e+05 7.20e-01 -6.69e-01 -1.85e-01 -4.98e-01 -6.83e-01 5.34e-01 4.84e-01 2.92e-01 8.25e-01
1633 0.165838 9.18e+05 1.68e+06 1.89e+06 8.48e-01 4.54e-01 2.74e-01 2.87e-01 4.14e-02 -9.57e-01 4.46e-01 -8.90e-01 9.50e-02
2047 0.077599 2.62e+05 2.15e+05 1.90e+05 5.73e-01 7.90e-01 2.17e-01 5.56e-01 -5.70e-01 6.05e-01 -6.02e-01 2.26e-01 7.66e-01
1746 0.133581 1.91e+06 2.78e+06 3.38e+06 7.54e-01 -6.22e-01 -2.09e-01 -2.38e-01 -5.57e-01 7.96e-01 6.12e-01 5.50e-01 5.68e-01
432 0.133599 9.46e+05 1.62e+06 1.68e+06 1.85e-01 9.17e-01 3.53e-01 8.87e-01 -3.10e-01 3.43e-01 -4.24e-01 -2.49e-01 8.71e-01
2824 0.139208 1.71e+05 2.77e+05 3.11e+05 5.60e-01 8.21e-01 -1.12e-01 7.37e-01 -4.32e-01 5.20e-01 -3.78e-01 3.74e-01 8.47e-01
2886 0.128180 5.14e+06 4.06e+06 2.97e+06 6.11e-01 6.06e-01 5.09e-01 7.09e-01 -1.35e-01 -6.92e-01 3.51e-01 -7.84e-01 5.13e-01
1375 0.062197 1.33e+06 1.05e+06 1.03e+06 5.74e-01 -6.23e-01 5.32e-01 -2.19e-02 -6.61e-01 -7.50e-01 -8.18e-01 -4.19e-01 3.93e-01
541 0.150995 2.62e+05 4.63e+05 5.05e+05 7.53e-01 -6.37e-01 -1.67e-01 -3.53e-01 -1.77e-01 -9.19e-01 -5.55e-01 -7.50e-01 3.58e-01
3014 0.157330 9.57e+04 1.90e+05 1.68e+05 -2.17e-01 9.34e-01 2.84e-01 7.95e-01 3.38e-01 -5.04e-01 5.66e-01 -1.16e-01 8.16e-01
646 0.081815 3.91e+05 5.49e+05 4.88e+05 -5.18e-01 7.78e-01 -3.55e-01 6.80e-01 6.26e-01 3.81e-01 -5.19e-01 4.46e-02 8.54e-01
1298 0.065648 1.12e+06 9.10e+05 8.53e+05 8.44e-01 -4.98e-01 -1.97e-01 -1.22e-01 1.78e-01 -9.76e-01 -5.22e-01 -8.48e-01 -8.94e-02
1306 0.057475 2.03e+05 2.31e+05 2.57e+05 9.66e-01 -2.56e-01 -2.89e-02 -2.50e-01 -9.59e-01 1.32e-01 6.15e-02 1.20e-01 9.91e-01
2797 0.094568 1.51e+05 2.07e+05 2.25e+05 1.65e-01 -9.71e-01 -1.71e-01 -9.38e-01 -2.08e-01 2.76e-01 3.04e-01 -1.15e-01 9.46e-01
782 0.147478 2.83e+05 4.83e+05 5.36e+05 3.73e-01 -9.19e-01 1.29e-01 -4.50e-01 -5.74e-02 8.91e-01 8.11e-01 3.91e-01 4.35e-01
1521 0.126789 3.25e+05 5.58e+05 4.92e+05 -4.19e-01 -8.96e-01 -1.50e-01 -4.82e-01 3.60e-01 -7.99e-01 -7.70e-01 2.62e-01 5.82e-01
799 0.043418 5.95e+05 7.11e+05 6.94e+05 -6.72e-01 6.58e-01 3.41e-01 7.10e-01 7.02e-01 4.53e-02 2.10e-01 -2.73e-01 9.39e-01
1896 0.146541 1.63e+05 3.07e+05 3.03e+05 9.90e-01 -1.24e-01 7.03e-02 7.00e-03 5.35e-01 8.45e-01 1.42e-01 8.36e-01 -5.30e-01
590 0.078923 1.82e+05 1.49e+05 1.31e+05 -4.68e-01 7.13e-01 5.22e-01 3.65e-01 -3.82e-01 8.49e-01 -8.04e-01 -5.88e-01 8.16e-02
2346 0.098382 1.53e+06 1.30e+06 1.96e+06 9.37e-01 -3.49e-01 1.24e-02 -1.95e-01 -5.52e-01 -8.10e-01 -2.90e-01 -7.57e-01 5.86e-01
1655 0.083689 4.93e+05 3.48e+05 3.72e+05 -3.66e-01 8.81e-01 -2.98e-01 -3.13e-02 3.08e-01 9.51e-01 -9.30e-01 -3.58e-01 8.54e-02
2076 0.141410 4.09e+04 7.53e+04 5.93e+04 -7.77e-01 -6.30e-01 2.01e-02 -3.85e-01 4.50e-01 -8.06e-01 -4.98e-01 6.34e-01 5.92e-01
132 0.107683 1.35e+06 1.15e+06 8.56e+05 2.95e-01 -9.52e-01 8.37e-02 -6.46e-01 -2.63e-01 -7.17e-01 -7.04e-01 -1.58e-01 6.92e-01
2927 0.106058 3.53e+05 5.20e+05 5.53e+05 8.14e-01 5.39e-01 2.16e-01 1.08e-01 -5.06e-01 8.56e-01 -5.71e-01 6.73e-01 4.70e-01
2154 0.154197 1.55e+05 2.84e+05 3.04e+05 7.94e-01 -5.55e-01 -2.46e-01 -5.87e-01 -5.97e-01 -5.47e-01 -1.57e-01 -5.79e-01 8.00e-01
1484 0.206176 2.67e+05 6.40e+05 6.72e+05 9.44e-01 -2.48e-01 2.16e-01 3.93e-02 7.37e-01 6.75e-01 3.27e-01 6.29e-01 -7.05e-01
497 0.128656 4.08e+05 2.35e+05 3.39e+05 -9.22e-01 -3.88e-01 -1.26e-02 -1.90e-01 4.21e-01 8.87e-01 3.39e-01 -8.20e-01 4.62e-01
925 0.091757 1.28e+06 1.87e+06 1.78e+06 -1.49e-01 -7.22e-01 6.76e-01 1.41e-02 -6.85e-01 -7.28e-01 -9.89e-01 9.87e-02 -1.12e-01
631 0.110892 2.26e+05 3.40e+05 3.62e+05 7.23e-01 6.87e-01 -7.19e-02 1.86e-01 -2.94e-01 -9.37e-01 6.65e-01 -6.64e-01 3.41e-01
1069 0.089140 1.10e+06 7.56e+05 8.92e+05 -6.51e-01 -7.09e-01 -2.71e-01 -7.43e-01 6.68e-01 3.91e-02 -1.54e-01 -2.27e-01 9.62e-01
2924 0.199350 1.08e+06 9.27e+05 4.44e+05 8.78e-01 4.76e-01 -5.54e-02 1.97e-01 -2.53e-01 9.47e-01 -4.37e-01 8.42e-01 3.16e-01
952 0.091223 1.72e+05 2.52e+05 2.18e+05 -7.05e-01 6.61e-01 2.56e-01 2.28e-01 -1.31e-01 9.65e-01 -6.72e-01 -7.39e-01 5.91e-02
2882 0.116364 5.45e+05 8.95e+05 8.55e+05 5.63e-01 7.93e-01 2.33e-01 2.70e-01 -4.43e-01 8.55e-01 -7.81e-01 4.19e-01 4.63e-01
1657 0.069215 1.17e+05 9.11e+04 8.77e+04 8.99e-01 4.39e-01 2.26e-03 2.92e-01 -5.95e-01 -7.49e-01 3.27e-01 -6.74e-01 6.62e-01
215 0.060900 1.54e+06 1.20e+06 1.33e+06 5.29e-01 -8.47e-01 4.68e-02 -7.25e-01 -4.23e-01 5.43e-01 4.40e-01 3.21e-01 8.39e-01
968 0.088096 4.92e+05 5.59e+05 7.11e+05 8.79e-01 -4.59e-01 1.31e-01 -2.38e-01 -6.59e-01 -7.14e-01 -4.14e-01 -5.96e-01 6.88e-01
2957 0.068984 3.69e+05 3.22e+05 2.77e+05 4.73e-01 8.56e-01 2.06e-01 -5.69e-02 2.63e-01 -9.63e-01 8.79e-01 -4.44e-01 -1.73e-01
1732 0.072144 6.54e+05 4.85e+05 5.20e+05 -6.31e-01 7.70e-01 -9.70e-02 3.72e-02 -9.48e-02 -9.95e-01 7.75e-01 6.31e-01 -3.11e-02
2494 0.235928 2.14e+05 6.27e+05 5.90e+05 7.45e-01 6.13e-01 -2.62e-01 6.65e-01 -7.12e-01 2.25e-01 4.86e-02 3.41e-01 9.39e-01
489 0.082061 9.61e+04 7.53e+04 6.82e+04 -6.07e-01 6.15e-01 5.03e-01 5.92e-01 7.73e-01 -2.30e-01 5.30e-01 -1.58e-01 8.33e-01
2006 0.113813 8.61e+05 5.31e+05 6.41e+05 1.26e-01 9.69e-01 -2.13e-01 -4.76e-01 -1.29e-01 -8.70e-01 8.70e-01 -2.11e-01 -4.45e-01
435 0.089225 4.66e+05 3.76e+05 3.21e+05 -3.92e-01 -7.18e-01 5.74e-01 8.95e-01 -4.42e-01 5.86e-02 -2.12e-01 -5.37e-01 -8.17e-01
708 0.142647 7.50e+04 1.27e+05 1.39e+05 7.66e-01 4.65e-01 -4.44e-01 -5.93e-01 2.43e-01 -7.68e-01 2.49e-01 -8.51e-01 -4.62e-01
1788 0.094750 6.91e+03 7.70e+03 1.03e+04 7.36e-01 -6.73e-01 6.91e-02 1.51e-01 2.63e-01 9.53e-01 6.60e-01 6.91e-01 -2.95e-01
1278 0.127273 2.55e+05 2.04e+05 1.48e+05 6.94e-01 -7.14e-01 -9.47e-02 -6.17e-01 -5.21e-01 -5.89e-01 -3.71e-01 -4.67e-01 8.02e-01
259 0.115420 7.84e+05 1.28e+06 1.18e+06 -8.14e-01 5.80e-01 -2.37e-02 5.79e-01 8.06e-01 -1.23e-01 5.23e-02 1.14e-01 9.92e-01
3002 0.116804 3.81e+05 2.32e+05 3.06e+05 -7.70e-01 -6.35e-01 5.90e-02 -6.14e-01 7.14e-01 -3.35e-01 -1.71e-01 2.94e-01 9.40e-01
2987 0.093011 1.68e+06 1.14e+06 1.34e+06 -2.50e-01 -7.11e-01 6.57e-01 -2.60e-01 -6.04e-01 -7.53e-01 -9.32e-01 3.60e-01 3.37e-02
644 0.097888 1.90e+06 1.39e+06 1.26e+06 6.49e-01 -7.48e-01 -1.38e-01 -7.57e-01 -6.54e-01 -1.86e-02 7.65e-02 -1.17e-01 9.90e-01
537 0.069652 9.49e+05 7.16e+05 7.11e+05 -1.47e-01 9.55e-01 2.57e-01 9.82e-01 1.10e-01 1.53e-01 -1.18e-01 -2.75e-01 9.54e-01
591 0.129339 1.35e+05 2.09e+05 2.35e+05 4.94e-01 7.94e-01 3.54e-01 7.67e-01 -2.07e-01 -6.08e-01 4.10e-01 -5.71e-01 7.11e-01
2905 0.203031 4.76e+05 1.08e+06 1.18e+06 -3.22e-01 7.97e-01 5.10e-01 3.06e-01 -4.23e-01 8.53e-01 -8.96e-01 -4.31e-01 1.08e-01
1954 0.038375 9.07e+05 1.06e+06 9.67e+05 -9.72e-01 -2.20e-01 -8.07e-02 -1.07e-01 7.23e-01 -6.82e-01 -2.09e-01 6.55e-01 7.26e-01
1599 0.135248 2.49e+06 1.87e+06 1.39e+06 9.75e-01 1.98e-01 1.02e-01 1.03e-01 3.09e-03 -9.95e-01 1.98e-01 -9.80e-01 1.74e-02
2189 0.070526 9.46e+04 7.06e+04 8.12e+04 -6.52e-01 5.33e-01 5.39e-01 6.93e-01 7.07e-01 1.40e-01 3.07e-01 -4.65e-01 8.31e-01
825 0.159293 4.90e+05 9.82e+05 8.97e+05 -6.50e-02 9.91e-01 1.15e-01 9.57e-01 2.95e-02 2.87e-01 -2.81e-01 -1.29e-01 9.51e-01
2535 0.077883 2.55e+05 3.32e+05 3.52e+05 -3.12e-01 7.24e-01 6.15e-01 7.71e-01 -1.85e-01 6.09e-01 -5.55e-01 -6.65e-01 5.01e-01
1376 0.093421 1.17e+06 7.89e+05 8.58e+05 2.83e-01 8.16e-01 5.03e-01 8.33e-01 4.99e-02 -5.50e-01 4.74e-01 -5.75e-01 6.66e-01
539 0.088642 1.43e+05 2.07e+05 1.96e+05 9.82e-01 1.46e-01 -1.18e-01 1.07e-01 8.06e-02 9.91e-01 -1.55e-01 9.86e-01 -6.34e-02
2127 0.095416 8.28e+05 6.60e+05 5.54e+05 2.55e-01 9.45e-01 -2.03e-01 6.52e-01 -1.34e-02 7.58e-01 -7.14e-01 3.25e-01 6.20e-01
2347 0.101511 1.46e+06 9.53e+05 1.14e+06 -7.11e-01 -5.34e-01 4.57e-01 7.02e-01 -5.69e-01 4.28e-01 -3.13e-02 -6.26e-01 -7.79e-01
1652 0.091011 1.58e+05 1.77e+05 1.21e+05 9.62e-01 2.67e-01 4.97e-02 -1.05e-03 -1.80e-01 9.84e-01 -2.71e-01 9.47e-01 1.73e-01
2563 0.093364 1.32e+06 1.84e+06 1.96e+06 2.21e-01 9.64e-01 1.48e-01 9.51e-01 -1.79e-01 -2.51e-01 2.15e-01 -1.97e-01 9.57e-01
2539 0.110895 1.43e+05 8.91e+04 1.04e+05 -7.32e-02 9.68e-01 2.40e-01 7.29e-01 2.16e-01 -6.49e-01 6.80e-01 -1.28e-01 7.22e-01
1297 0.073879 1.97e+06 2.30e+06 2.67e+06 6.88e-01 -7.24e-01 -4.20e-02 -7.26e-01 -6.86e-01 -5.52e-02 -1.12e-02 -6.85e-02 9.98e-01
517 0.115588 2.29e+05 1.40e+05 1.96e+05 -9.82e-01 1.79e-01 -6.28e-02 -9.54e-03 2.84e-01 9.59e-01 -1.89e-01 -9.42e-01 2.78e-01
2653 0.096337 4.75e+06 3.17e+06 3.93e+06 9.74e-01 -1.35e-01 -1.81e-01 6.17e-02 -6.10e-01 7.90e-01 2.17e-01 7.81e-01 5.86e-01
1511 0.131698 3.72e+05 5.95e+05 6.54e+05 7.96e-01 5.56e-01 -2.40e-01 1.15e-01 -5.27e-01 -8.42e-01 5.94e-01 -6.43e-01 4.84e-01
1037 0.093033 1.92e+05 2.41e+05 2.84e+05 4.59e-01 -8.25e-01 -3.30e-01 -5.37e-01 3.81e-02 -8.43e-01 -7.08e-01 -5.64e-01 4.26e-01
1197 0.152381 6.29e+04 1.22e+05 1.11e+05 7.16e-01 -5.80e-01 3.88e-01 3.15e-01 -2.27e-01 -9.22e-01 -6.23e-01 -7.82e-01 -1.99e-02
1496 0.119709 8.31e+05 5.65e+05 4.99e+05 8.60e-01 4.01e-01 3.15e-01 1.12e-01 -7.51e-01 6.51e-01 -4.97e-01 5.24e-01 6.91e-01
978 0.114813 3.29e+05 5.36e+05 4.55e+05 7.83e-01 -4.61e-01 -4.18e-01 -3.92e-01 -8.87e-01 2.44e-01 4.84e-01 2.73e-02 8.75e-01
2622 0.116926 4.04e+05 3.20e+05 2.46e+05 4.67e-01 8.68e-01 1.69e-01 8.84e-01 -4.63e-01 -6.71e-02 -1.98e-02 -1.80e-01 9.83e-01
2285 0.076523 7.97e+05 1.10e+06 1.06e+06 -1.75e-01 8.48e-01 -5.00e-01 9.21e-01 -3.76e-02 -3.87e-01 3.47e-01 5.28e-01 7.75e-01
54 0.209663 5.11e+05 1.31e+06 1.18e+06 -3.40e-01 -7.31e-01 5.92e-01 3.40e-01 -6.83e-01 -6.47e-01 -8.77e-01 1.87e-02 -4.81e-01
1675 0.083047 4.05e+04 3.03e+04 2.86e+04 -4.99e-01 8.17e-01 2.89e-01 8.65e-01 4.50e-01 2.23e-01 -5.22e-02 -3.61e-01 9.31e-01
2529 0.100853 4.45e+05 5.84e+05 6.81e+05 8.87e-01 4.50e-01 1.03e-01 4.05e-01 -8.66e-01 2.92e-01 -2.21e-01 2.18e-01 9.51e-01
2433 0.094580 3.61e+05 2.43e+05 2.66e+05 -2.00e-01 -9.80e-01 2.73e-03 -8.44e-01 1.71e-01 -5.08e-01 -4.97e-01 1.04e-01 8.61e-01
2726 0.106590 7.95e+04 1.06e+05 1.25e+05 8.17e-01 -5.61e-01 -1.38e-01 -3.44e-01 -2.82e-01 -8.96e-01 -4.63e-01 -7.79e-01 4.23e-01
2077 0.109694 2.03e+06 3.23e+06 2.61e+06 9.42e-01 3.21e-01 -9.96e-02 2.73e-01 -9.03e-01 -3.31e-01 1.96e-01 -2.84e-01 9.38e-01
1331 0.106916 1.91e+06 3.00e+06 2.54e+06 8.89e-01 3.27e-01 -3.20e-01 4.48e-01 -7.63e-01 4.65e-01 9.18e-02 5.57e-01 8.25e-01
2440 0.159333 3.51e+05 6.11e+05 7.02e+05 8.64e-01 4.44e-01 2.40e-01 1.94e-01 -7.32e-01 6.54e-01 -4.65e-01 5.18e-01 7.18e-01
2973 0.131996 4.36e+05 2.48e+05 3.79e+05 9.94e-01 -1.03e-01 -1.91e-02 -2.32e-02 -3.86e-02 -9.99e-01 -1.02e-01 -9.94e-01 4.08e-02
1761 0.089745 2.20e+05 3.14e+05 3.20e+05 6.96e-02 8.50e-01 5.22e-01 9.98e-02 5.14e-01 -8.52e-01 9.93e-01 -1.11e-01 4.91e-02
884 0.100162 1.19e+05 1.67e+05 1.81e+05 -2.87e-01 -6.94e-01 -6.60e-01 4.67e-01 5.00e-01 -7.29e-01 -8.36e-01 5.18e-01 -1.80e-01
499 0.107385 1.52e+06 1.24e+06 9.66e+05 8.67e-01 4.48e-01 -2.21e-01 -2.48e-01 2.75e-03 -9.69e-01 4.33e-01 -8.94e-01 -1.14e-01
1519 0.176919 1.18e+05 2.58e+05 2.45e+05 -1.28e-01 9.83e-01 1.33e-01 2.43e-02 1.37e-01 -9.90e-01 9.91e-01 1.24e-01 4.15e-02
2324 0.085003 1.68e+05 2.39e+05 2.15e+05 9.01e-01 -3.13e-01 2.99e-01 -2.61e-01 -9.44e-01 -2.01e-01 -3.45e-01 -1.03e-01 9.33e-01
283 0.071481 2.49e+05 3.14e+05 3.34e+05 6.85e-01 -7.02e-01 -1.94e-01 -7.19e-01 -6.95e-01 -2.69e-02 1.16e-01 -1.58e-01 9.81e-01
2799 0.108376 3.93e+04 6.22e+04 5.59e+04 1.79e-01 9.78e-01 -1.06e-01 9.68e-01 -1.94e-01 -1.57e-01 1.74e-01 7.41e-02 9.82e-01
2034 0.153745 9.65e+05 1.71e+06 1.88e+06 7.73e-01 -4.95e-01 -3.97e-01 -5.45e-01 -1.98e-01 -8.14e-01 -3.24e-01 -8.46e-01 4.23e-01
846 0.124306 9.58e+05 1.63e+06 1.47e+06 -2.57e-01 9.66e-01 1.75e-02 9.22e-01 2.50e-01 -2.95e-01 2.90e-01 5.96e-02 9.55e-01
2303 0.132736 6.24e+05 5.44e+05 3.53e+05 9.63e-01 2.68e-01 -7.51e-03 2.66e-01 -9.53e-01 1.41e-01 -3.06e-02 1.38e-01 9.90e-01
1465 0.097044 4.56e+05 4.93e+05 3.27e+05 9.88e-01 1.50e-01 2.89e-02 1.18e-01 -6.27e-01 -7.70e-01 9.75e-02 -7.64e-01 6.37e-01
2330 0.124347 7.42e+05 1.03e+06 1.26e+06 6.52e-01 7.44e-01 -1.46e-01 6.34e-01 -4.29e-01 6.44e-01 -4.16e-01 5.12e-01 7.51e-01
883 0.061968 7.74e+05 8.96e+05 1.00e+06 6.48e-01 6.41e-01 4.12e-01 7.60e-01 -5.05e-01 -4.09e-01 5.39e-02 -5.78e-01 8.14e-01
787 0.055175 2.83e+04 2.26e+04 2.32e+04 3.43e-01 9.08e-01 2.42e-01 6.95e-01 -4.18e-01 5.85e-01 -6.32e-01 3.23e-02 7.74e-01
951 0.102404 5.03e+05 4.00e+05 3.27e+05 1.76e-01 9.52e-01 -2.49e-01 -9.56e-01 1.05e-01 -2.73e-01 2.34e-01 -2.86e-01 -9.29e-01
325 0.105042 1.87e+05 1.20e+05 1.43e+05 8.44e-01 -4.23e-01 3.29e-01 5.19e-01 4.91e-01 -7.00e-01 -1.35e-01 -7.62e-01 -6.34e-01
36 0.138532 3.99e+05 5.42e+05 7.24e+05 9.93e-01 -1.14e-01 1.36e-02 -6.60e-02 -6.63e-01 -7.45e-01 -9.41e-02 -7.40e-01 6.67e-01
960 0.085997 6.70e+05 4.68e+05 5.38e+05 8.91e-01 -3.63e-01 -2.73e-01 5.47e-02 -5.11e-01 8.58e-01 4.50e-01 7.80e-01 4.35e-01
664 0.112413 1.41e+06 1.08e+06 8.74e+05 6.64e-01 -7.41e-01 9.51e-02 -7.14e-01 -5.91e-01 3.75e-01 2.22e-01 3.17e-01 9.22e-01
1874 0.109539 1.74e+05 2.76e+05 2.35e+05 4.65e-01 -8.52e-01 2.40e-01 -4.54e-01 -4.63e-01 -7.61e-01 -7.60e-01 -2.45e-01 6.02e-01
1885 0.115610 4.64e+05 7.59e+05 6.50e+05 -3.32e-01 -8.51e-01 4.07e-01 -1.58e-01 4.76e-01 8.65e-01 9.30e-01 -2.23e-01 2.93e-01
375 0.026466 8.39e+04 7.88e+04 7.53e+04 8.87e-01 -3.73e-01 2.72e-01 3.06e-01 3.34e-02 -9.52e-01 -3.45e-01 -9.27e-01 -1.44e-01
1236 0.106779 6.66e+05 1.05e+06 9.06e+05 1.63e-01 -9.04e-01 3.95e-01 -8.60e-01 -3.26e-01 -3.92e-01 -4.83e-01 2.76e-01 8.31e-01
185 0.146008 1.87e+05 3.00e+05 3.52e+05 5.98e-01 7.38e-01 -3.12e-01 7.13e-01 -3.12e-01 6.27e-01 -3.66e-01 5.98e-01 7.14e-01
2160 0.123777 4.27e+05 7.24e+05 6.06e+05 9.31e-01 2.26e-01 2.87e-01 2.96e-01 -5.83e-03 -9.55e-01 2.14e-01 -9.74e-01 7.23e-02
1735 0.213575 3.07e+05 8.02e+05 7.57e+05 -1.33e-01 9.77e-01 1.65e-01 5.78e-01 -5.93e-02 8.14e-01 -8.05e-01 -2.04e-01 5.57e-01
1096 0.119702 7.85e+05 1.13e+06 1.31e+06 6.93e-01 -7.00e-01 1.69e-01 -6.68e-01 -5.37e-01 5.15e-01 2.69e-01 4.70e-01 8.41e-01
2108 0.124783 5.34e+05 7.69e+05 9.10e+05 5.86e-01 7.54e-01 -2.96e-01 6.76e-01 -2.53e-01 6.93e-01 -4.47e-01 6.06e-01 6.58e-01
2104 0.098847 6.65e+05 1.01e+06 8.97e+05 9.67e-01 2.55e-01 -2.73e-02 1.79e-01 -5.93e-01 7.86e-01 -1.84e-01 7.64e-01 6.18e-01
2580 0.101302 6.78e+04 4.42e+04 5.32e+04 9.13e-01 -3.98e-01 -8.85e-02 -3.28e-01 -5.88e-01 -7.40e-01 -2.42e-01 -7.04e-01 6.67e-01
1846 0.181653 2.05e+06 2.20e+06 9.86e+05 9.04e-01 4.27e-01 3.40e-02 2.61e-01 -4.87e-01 -8.33e-01 3.39e-01 -7.62e-01 5.52e-01
2202 0.141623 4.99e+05 3.80e+05 2.71e+05 8.54e-01 5.07e-01 1.18e-01 3.42e-01 -3.75e-01 -8.61e-01 3.93e-01 -7.76e-01 4.94e-01
2323 0.135683 3.84e+05 6.89e+05 6.55e+05 -6.30e-01 7.22e-01 -2.84e-01 6.75e-02 4.15e-01 9.07e-01 -7.73e-01 -5.53e-01 3.11e-01
1073 0.077343 4.70e+05 6.49e+05 5.75e+05 9.29e-01 -3.45e-01 -1.35e-01 -3.53e-01 -9.35e-01 -4.23e-02 1.12e-01 -8.70e-02 9.90e-01
963 0.069468 1.27e+06 9.53e+05 1.11e+06 5.34e-01 6.81e-01 -5.01e-01 -2.79e-01 -4.18e-01 -8.65e-01 7.98e-01 -6.01e-01 3.34e-02
2070 0.067295 1.24e+05 1.37e+05 1.64e+05 9.06e-01 -4.21e-01 4.71e-02 -3.09e-01 -7.33e-01 -6.05e-01 -2.89e-01 -5.34e-01 7.95e-01
311 0.113447 8.77e+05 1.35e+06 1.42e+06 5.51e-01 8.29e-01 -9.86e-02 6.07e-01 -4.79e-01 -6.34e-01 5.72e-01 -2.89e-01 7.67e-01
2913 0.105401 7.09e+05 4.54e+05 5.57e+05 2.74e-01 -9.28e-01 -2.52e-01 -8.48e-01 -1.09e-01 -5.19e-01 -4.54e-01 -3.56e-01 8.17e-01
2194 0.117024 3.23e+05 5.31e+05 4.58e+05 -6.45e-01 5.89e-01 4.87e-01 7.64e-01 4.76e-01 4.36e-01 -2.45e-02 -6.53e-01 7.57e-01
2627 0.088440 3.90e+05 5.65e+05 5.10e+05 9.61e-01 -2.73e-01 4.06e-02 -4.10e-02 4.16e-03 9.99e-01 2.73e-01 9.62e-01 7.19e-03
1593 0.103871 5.78e+05 3.73e+05 4.22e+05 -7.41e-01 5.86e-01 -3.26e-01 6.15e-01 3.98e-01 -6.81e-01 2.69e-01 7.05e-01 6.56e-01
1263 0.053125 2.71e+05 3.37e+05 3.25e+05 -2.27e-01 8.51e-01 4.74e-01 9.68e-01 2.49e-01 1.58e-02 1.05e-01 -4.63e-01 8.80e-01
2595 0.104964 4.50e+05 2.89e+05 3.39e+05 -4.58e-01 -6.58e-01 5.97e-01 8.73e-01 -2.08e-01 4.40e-01 1.65e-01 -7.23e-01 -6.70e-01
2766 0.133954 8.00e+05 1.20e+06 1.42e+06 7.27e-01 -5.60e-01 3.97e-01 6.85e-01 5.65e-01 -4.59e-01 -3.26e-02 -6.06e-01 -7.95e-01
784 0.145797 1.02e+06 1.92e+06 1.79e+06 8.51e-01 -4.99e-01 -1.66e-01 -1.79e-01 2.20e-02 -9.84e-01 -4.94e-01 -8.66e-01 7.04e-02
1480 0.084139 1.97e+05 2.20e+05 2.79e+05 9.34e-01 -3.56e-01 -3.22e-02 -1.32e-01 -4.28e-01 8.94e-01 3.32e-01 8.31e-01 4.47e-01
2197 0.119669 3.66e+05 2.88e+05 2.20e+05 5.69e-01 -8.20e-01 -5.15e-02 -6.97e-01 -4.48e-01 -5.60e-01 -4.36e-01 -3.55e-01 8.27e-01
2355 0.162014 1.83e+05 3.29e+05 3.72e+05 2.54e-01 -7.64e-01 5.94e-01 9.30e-01 2.40e-02 -3.67e-01 -2.66e-01 -6.45e-01 -7.16e-01
2948 0.149929 3.39e+05 6.49e+05 5.52e+05 -6.00e-01 -5.91e-01 5.40e-01 4.56e-01 3.02e-01 8.37e-01 6.58e-01 -7.48e-01 -8.84e-02
2408 0.223629 2.90e+05 6.83e+05 7.99e+05 9.29e-01 3.62e-01 7.28e-02 6.98e-02 2.16e-02 -9.97e-01 3.63e-01 -9.32e-01 5.24e-03
518 0.176955 1.09e+05 2.37e+05 2.12e+05 9.17e-01 3.31e-01 2.24e-01 2.34e-01 -8.99e-01 3.70e-01 -3.23e-01 2.87e-01 9.02e-01
1345 0.046186 1.05e+06 8.65e+05 8.88e+05 -7.37e-01 5.93e-01 3.25e-01 -4.69e-04 4.81e-01 -8.77e-01 6.76e-01 6.46e-01 3.54e-01
1419 0.077093 1.47e+05 1.23e+05 1.07e+05 9.03e-01 -4.28e-01 -3.82e-02 -5.68e-02 -2.07e-01 9.77e-01 4.26e-01 8.80e-01 2.11e-01
1391 0.085652 2.09e+05 1.66e+05 1.46e+05 7.22e-01 6.80e-01 1.26e-01 5.67e-01 -6.86e-01 4.56e-01 -3.97e-01 2.58e-01 8.81e-01
2964 0.171013 4.90e+05 1.04e+06 9.08e+05 -2.32e-01 9.33e-01 -2.73e-01 8.96e-01 9.67e-02 -4.33e-01 3.77e-01 3.45e-01 8.59e-01
309 0.143926 9.68e+04 1.43e+05 1.80e+05 6.60e-01 -6.98e-01 -2.80e-01 -7.38e-01 -5.32e-01 -4.14e-01 -1.40e-01 -4.80e-01 8.66e-01
1360 0.087786 6.43e+05 4.45e+05 5.15e+05 9.14e-01 3.25e-01 -2.45e-01 2.14e-01 1.28e-01 9.68e-01 -3.46e-01 9.37e-01 -4.76e-02
1194 0.039390 2.31e+05 2.43e+05 2.71e+05 8.55e-01 5.15e-01 6.68e-02 5.18e-01 -8.54e-01 -4.59e-02 -3.34e-02 -7.38e-02 9.97e-01
1611 0.171073 5.41e+05 1.14e+06 1.08e+06 7.98e-01 -5.67e-01 2.04e-01 -3.27e-01 -1.24e-01 9.37e-01 5.05e-01 8.15e-01 2.85e-01
1742 0.116038 1.46e+06 1.10e+06 8.92e+05 6.96e-01 7.18e-01 4.13e-04 7.17e-01 -6.94e-01 6.41e-02 -4.63e-02 4.43e-02 9.98e-01
161 0.123855 7.31e+05 1.24e+06 1.08e+06 -1.58e-01 -9.00e-01 4.06e-01 -9.87e-01 1.28e-01 -9.93e-02 -3.73e-02 4.16e-01 9.08e-01
880 0.162940 1.19e+06 1.11e+06 5.82e+05 6.93e-01 7.18e-01 6.12e-02 -1.37e-01 2.15e-01 -9.67e-01 7.07e-01 -6.62e-01 -2.48e-01
1650 0.161555 4.58e+05 8.95e+05 9.28e+05 6.17e-01 7.08e-01 -3.44e-01 3.37e-01 -6.33e-01 -6.97e-01 7.11e-01 -3.14e-01 6.29e-01
2300 0.096501 2.83e+05 4.25e+05 3.89e+05 -3.41e-01 -8.55e-01 3.90e-01 -8.32e-01 4.68e-01 2.99e-01 4.38e-01 2.22e-01 8.71e-01
709 0.187164 6.31e+05 1.33e+06 1.44e+06 1.79e-01 9.84e-01 -1.63e-02 5.34e-01 -8.32e-02 8.41e-01 -8.26e-01 1.59e-01 5.41e-01
2701 0.147905 3.10e+04 4.96e+04 5.88e+04 9.98e-01 6.99e-02 -9.94e-03 4.55e-02 -5.29e-01 8.48e-01 -5.40e-02 8.46e-01 5.31e-01
641 0.178727 1.30e+06 2.73e+06 2.86e+06 4.71e-02 -7.34e-01 6.78e-01 9.91e-01 -5.04e-02 -1.23e-01 -1.25e-01 -6.78e-01 -7.25e-01
2096 0.085222 9.47e+05 1.30e+06 1.35e+06 -3.50e-01 9.34e-01 -7.34e-02 9.14e-01 3.58e-01 1.91e-01 -2.04e-01 4.21e-04 9.79e-01
1517 0.166893 1.43e+05 2.97e+05 2.87e+05 -2.97e-01 -7.02e-01 6.47e-01 3.79e-01 5.35e-01 7.55e-01 8.77e-01 -4.69e-01 -1.07e-01
304 0.122322 5.23e+03 3.10e+03 3.65e+03 6.78e-01 6.41e-01 3.61e-01 6.34e-01 -7.58e-01 1.54e-01 -3.72e-01 -1.24e-01 9.20e-01
1344 0.117109 3.35e+05 5.51e+05 5.24e+05 -1.22e-01 -8.44e-01 5.22e-01 3.95e-01 -5.24e-01 -7.55e-01 -9.11e-01 -1.14e-01 -3.97e-01
2587 0.115019 1.27e+06 1.88e+06 2.08e+06 5.20e-01 -7.29e-01 4.45e-01 7.66e-01 6.29e-01 1.35e-01 3.78e-01 -2.70e-01 -8.86e-01
2478 0.127644 4.64e+05 5.19e+05 3.01e+05 9.83e-01 1.80e-01 -1.81e-02 4.35e-02 -3.31e-01 -9.42e-01 1.76e-01 -9.26e-01 3.34e-01
2593 0.121242 1.75e+05 2.94e+05 2.57e+05 8.98e-01 4.25e-01 -1.12e-01 6.78e-02 -3.86e-01 -9.20e-01 4.34e-01 -8.19e-01 3.76e-01
1990 0.112721 5.94e+05 8.50e+05 9.59e+05 4.45e-01 -8.95e-01 3.08e-02 -1.21e-01 -9.40e-02 -9.88e-01 -8.87e-01 -4.36e-01 1.50e-01
2805 0.099925 2.00e+05 3.05e+05 2.48e+05 -9.10e-01 -4.15e-01 -2.21e-02 -4.23e-02 3.96e-02 9.98e-01 4.13e-01 -9.09e-01 5.35e-02
649 0.072578 3.93e+05 3.27e+05 2.90e+05 5.22e-01 -7.83e-01 -3.39e-01 2.57e-01 5.23e-01 -8.13e-01 -8.14e-01 -3.37e-01 -4.74e-01
1894 0.108017 6.20e+04 9.79e+04 9.11e+04 8.92e-01 -3.71e-01 -2.58e-01 -7.31e-02 -6.82e-01 7.27e-01 4.46e-01 6.30e-01 6.36e-01
2688 0.191366 5.55e+04 1.30e+05 1.22e+05 -2.28e-01 9.72e-01 5.65e-02 7.63e-01 2.14e-01 -6.10e-01 6.05e-01 9.58e-02 7.90e-01
1921 0.145209 1.12e+05 9.44e+04 5.96e+04 6.43e-01 7.46e-01 -1.75e-01 7.62e-01 -5.99e-01 2.48e-01 -8.00e-02 2.92e-01 9.53e-01
1793 0.110319 2.04e+05 2.92e+05 3.25e+05 2.64e-01 8.55e-01 4.46e-01 -2.86e-01 5.11e-01 -8.11e-01 9.21e-01 -8.62e-02 -3.79e-01
575 0.070871 3.96e+05 3.49e+05 2.95e+05 5.44e-01 8.38e-01 3.66e-02 -5.89e-02 8.17e-02 -9.95e-01 8.37e-01 -5.39e-01 -9.38e-02
3026 0.123028 3.71e+05 6.28e+05 5.64e+05 -4.38e-01 8.91e-01 -1.22e-01 8.41e-01 4.54e-01 2.93e-01 -3.17e-01 -2.61e-02 9.48e-01
35 0.150353 3.92e+05 7.52e+05 6.44e+05 -7.22e-01 6.59e-01 2.09e-01 3.94e-01 1.43e-01 9.08e-01 -5.69e-01 -7.38e-01 3.63e-01
2382 0.102340 1.50e+05 9.72e+04 1.22e+05 7.66e-01 -5.69e-01 -2.98e-01 -1.78e-01 -6.33e-01 7.53e-01 6.18e-01 5.24e-01 5.86e-01
49 0.178710 1.54e+04 3.39e+04 2.75e+04 -6.27e-01 6.82e-01 -3.75e-01 6.95e-01 2.73e-01 -6.65e-01 3.51e-01 6.78e-01 6.46e-01
1150 0.259247 5.99e+05 1.94e+06 1.99e+06 9.34e-01 3.55e-01 4.54e-02 2.63e-01 -5.94e-01 -7.61e-01 2.43e-01 -7.22e-01 6.48e-01
1927 0.107664 2.79e+04 4.16e+04 4.40e+04 -6.12e-01 -5.94e-01 5.22e-01 1.66e-01 -7.42e-01 -6.49e-01 -7.73e-01 3.10e-01 -5.53e-01
941 0.118211 3.14e+05 4.80e+05 5.19e+05 6.19e-01 7.73e-01 -1.39e-01 7.13e-01 -6.28e-01 -3.13e-01 3.29e-01 -9.51e-02 9.39e-01
1086 0.064978 2.96e+05 2.49e+05 2.26e+05 4.81e-01 8.02e-01 -3.54e-01 -1.82e-01 4.86e-01 8.55e-01 -8.58e-01 3.46e-01 -3.79e-01
2041 0.164123 8.42e+05 1.41e+06 1.73e+06 8.62e-01 -4.86e-01 -1.41e-01 -2.96e-01 -7.10e-01 6.39e-01 4.11e-01 5.10e-01 7.56e-01
9 0.126138 5.14e+04 8.82e+04 7.48e+04 -5.54e-01 7.78e-01 -2.97e-01 4.19e-01 -4.81e-02 -9.07e-01 7.19e-01 6.27e-01 3.00e-01
1671 0.107619 1.26e+06 1.10e+06 8.01e+05 5.64e-01 8.25e-01 -2.70e-02 6.38e-01 -4.56e-01 -6.20e-01 5.24e-01 -3.33e-01 7.84e-01
684 0.086787 2.07e+05 1.44e+05 1.72e+05 8.31e-01 -5.56e-01 -2.47e-02 -3.50e-01 -4.87e-01 -8.00e-01 -4.33e-01 -6.73e-01 5.99e-01
650 0.161546 7.52e+04 1.52e+05 1.39e+05 8.25e-01 -4.21e-01 -3.77e-01 -5.65e-01 -5.82e-01 -5.85e-01 -2.70e-02 -6.95e-01 7.18e-01
1022 0.118443 5.36e+05 4.60e+05 3.23e+05 7.59e-01 6.48e-01 -6.13e-02 3.95e-02 4.82e-02 9.98e-01 -6.50e-01 7.60e-01 -1.10e-02
2518 0.155364 9.19e+04 1.44e+05 1.81e+05 6.60e-01 -7.23e-01 -2.05e-01 1.86e-01 4.21e-01 -8.88e-01 -7.28e-01 -5.47e-01 -4.12e-01
1156 0.136131 2.72e+05 4.89e+05 3.79e+05 9.62e-01 2.72e-01 3.70e-02 2.62e-01 -9.49e-01 1.78e-01 -8.37e-02 1.62e-01 9.83e-01
1392 0.096201 4.13e+05 5.00e+05 6.19e+05 8.05e-01 -5.62e-01 1.90e-01 -4.29e-01 -7.73e-01 -4.67e-01 -4.09e-01 -2.95e-01 8.63e-01
2166 0.117541 8.77e+05 1.18e+06 1.45e+06 9.82e-01 -1.72e-01 7.41e-02 -1.78e-01 -9.80e-01 8.35e-02 -5.83e-02 9.52e-02 9.94e-01
2023 0.103042 2.40e+04 3.71e+04 2.94e+04 9.81e-01 1.63e-01 -1.01e-01 1.88e-01 -9.18e-01 3.50e-01 3.58e-02 3.62e-01 9.31e-01
2163 0.165020 6.23e+05 1.28e+06 1.15e+06 8.32e-01 -4.97e-01 -2.45e-01 -1.36e-01 -6.11e-01 7.80e-01 5.37e-01 6.16e-01 5.76e-01
56 0.050694 2.20e+04 1.78e+04 1.94e+04 -7.43e-01 6.33e-01 2.18e-01 5.90e-01 7.73e-01 -2.33e-01 3.16e-01 4.42e-02 9.48e-01
2935 0.059756 9.88e+05 7.72e+05 8.81e+05 9.52e-01 2.16e-01 -2.18e-01 1.77e-01 -9.67e-01 -1.85e-01 2.51e-01 -1.38e-01 9.58e-01
307 0.086330 4.93e+04 4.09e+04 3.43e+04 7.50e-01 -5.40e-01 3.82e-01 6.44e-01 4.62e-01 -6.10e-01 -1.52e-01 -7.03e-01 -6.94e-01
1715 0.094951 2.38e+05 1.60e+05 1.87e+05 1.94e-01 -8.99e-01 -3.93e-01 -9.67e-01 -2.43e-01 8.02e-02 1.68e-01 -3.64e-01 9.16e-01
455 0.153115 1.65e+05 3.01e+05 3.21e+05 -3.23e-01 -7.58e-01 5.66e-01 2.32e-01 -6.44e-01 -7.29e-01 -9.18e-01 1.04e-01 -3.84e-01
802 0.061944 1.80e+05 2.08e+05 2.32e+05 5.28e-01 7.98e-01 -2.90e-01 6.80e-01 -1.94e-01 7.07e-01 -5.08e-01 5.71e-01 6.45e-01
1128 0.231620 5.17e+05 1.48e+06 1.41e+06 -3.94e-01 7.95e-01 -4.62e-01 5.57e-01 -1.93e-01 -8.08e-01 7.31e-01 5.76e-01 3.67e-01
2003 0.145176 9.49e+04 1.52e+05 1.78e+05 9.43e-01 2.92e-01 1.57e-01 1.24e-01 1.27e-01 -9.84e-01 3.08e-01 -9.48e-01 -8.34e-02
750 0.128522 1.27e+05 1.93e+05 2.20e+05 1.99e-01 9.02e-01 3.84e-01 5.85e-01 2.04e-01 -7.84e-01 7.86e-01 -3.81e-01 4.87e-01
141 0.085438 4.89e+05 3.42e+05 3.82e+05 8.66e-01 -4.94e-01 -7.20e-02 -4.04e-01 -6.08e-01 -6.84e-01 -2.94e-01 -6.22e-01 7.26e-01
3039 0.092419 1.53e+05 1.04e+05 1.16e+05 -2.06e-01 8.24e-01 -5.28e-01 7.82e-01 4.63e-01 4.17e-01 -5.88e-01 3.27e-01 7.40e-01
59 0.164092 6.51e+05 1.28e+06 1.33e+06 -2.14e-01 -6.99e-01 6.82e-01 3.79e-01 -7.03e-01 -6.02e-01 -9.01e-01 -1.30e-01 -4.15e-01
2716 0.133663 2.26e+05 4.01e+05 3.46e+05 1.49e-01 -9.88e-01 2.85e-02 -6.24e-01 -7.17e-02 7.78e-01 7.67e-01 1.34e-01 6.27e-01
2725 0.091118 5.66e+04 4.54e+04 3.86e+04 9.80e-01 -1.94e-01 -3.89e-02 -2.12e-03 1.86e-01 -9.83e-01 -1.98e-01 -9.63e-01 -1.82e-01
1185 0.091137 1.57e+05 2.30e+05 2.18e+05 5.56e-02 9.68e-01 -2.46e-01 8.46e-01 8.51e-02 5.26e-01 -5.30e-01 2.38e-01 8.14e-01
1015 0.098880 6.95e+05 9.47e+05 1.05e+06 6.41e-01 7.20e-01 2.64e-01 -6.97e-02 3.98e-01 -9.15e-01 7.64e-01 -5.68e-01 -3.05e-01
2125 0.147755 1.67e+05 3.00e+05 3.17e+05 1.15e-01 9.79e-01 -1.69e-01 5.97e-01 -2.04e-01 -7.76e-01 7.94e-01 1.14e-02 6.08e-01
2381 0.117166 4.55e+04 7.48e+04 6.32e+04 -4.81e-01 -8.72e-01 -9.39e-02 -8.18e-01 4.84e-01 -3.11e-01 -3.16e-01 7.25e-02 9.46e-01
1790 0.146688 3.60e+04 5.90e+04 6.79e+04 4.12e-01 9.01e-01 1.34e-01 9.04e-01 -3.86e-01 -1.83e-01 1.13e-01 -1.96e-01 9.74e-01
1060 0.148208 1.72e+05 2.67e+05 3.26e+05 3.54e-01 9.31e-01 9.11e-02 9.30e-01 -3.60e-01 6.74e-02 -9.56e-02 -6.09e-02 9.94e-01
2182 0.129419 1.03e+05 1.60e+05 1.80e+05 9.24e-01 -3.80e-01 4.12e-02 -2.53e-01 -5.28e-01 8.11e-01 2.86e-01 7.59e-01 5.84e-01
1324 0.064294 1.65e+06 1.52e+06 1.98e+06 9.59e-01 -2.81e-01 -4.52e-02 -2.47e-01 -7.43e-01 -6.23e-01 -1.41e-01 -6.08e-01 7.81e-01
66 0.158988 2.79e+05 5.57e+05 5.22e+05 8.87e-01 4.52e-01 -9.80e-02 -1.06e-02 -1.92e-01 -9.81e-01 4.62e-01 -8.71e-01 1.66e-01
2617 0.133286 4.68e+05 6.73e+05 8.29e+05 3.81e-01 8.78e-01 2.91e-01 9.19e-01 -3.24e-01 -2.26e-01 1.04e-01 -3.53e-01 9.30e-01
791 0.167120 3.04e+05 5.48e+05 6.31e+05 8.05e-01 -5.86e-01 9.52e-02 -7.90e-02 5.32e-02 9.95e-01 5.88e-01 8.09e-01 3.43e-03
2644 0.084714 1.95e+05 1.37e+05 1.61e+05 -3.54e-01 -6.77e-01 6.45e-01 -8.55e-01 5.14e-01 7.06e-02 3.79e-01 5.26e-01 7.61e-01
1663 0.079441 5.66e+05 4.07e+05 4.57e+05 -6.59e-01 5.98e-01 4.55e-01 7.51e-01 5.48e-01 3.68e-01 2.95e-02 -5.85e-01 8.11e-01
